1.66435
0.156426
-0.184122
-0.14262
-1.06004
1.6721
-0.193326
0.139552
0.046062
1.24403
1.66281
0.156426
-0.184122
-0.144154
-1.06004
1.66903
-0.19486
0.139552
0.046062
1.24403
1.65975
0.156426
-0.184122
-0.145688
-1.06004
1.66597
-0.193326
0.139552
0.046062
1.24403
1.65668
0.156426
-0.184122
-0.145688
-1.06004
1.6629
-0.19486
0.139552
0.046062
1.24403
1.65208
0.15796
-0.184122
-0.145688
-1.06004
1.6583
-0.19486
0.139552
0.046062
1.24403
1.64901
0.159494
-0.184122
-0.145688
-1.06004
1.65369
-0.19486
0.139552
0.046062
1.24403
1.64594
0.161028
-0.184122
-0.145688
-1.06004
1.64909
-0.19486
0.138018
0.046062
1.24403
1.64287
0.162562
-0.184122
-0.145688
-1.06004
1.64449
-0.19486
0.138018
0.046062
1.24403
1.6398
0.164096
-0.184122
-0.145688
-1.06004
1.63989
-0.19486
0.138018
0.046062
1.24403
1.6352
0.16563
-0.184122
-0.147222
-1.06004
1.63682
-0.19486
0.138018
0.046062
1.24403
1.6306
0.167164
-0.184122
-0.147222
-1.06004
1.63222
-0.19486
0.138018
0.046062
1.24403
1.626
0.167164
-0.184122
-0.147222
-1.06004
1.62915
-0.19486
0.138018
0.046062
1.24403
1.6214
0.167164
-0.184122
-0.147222
-1.06004
1.62608
-0.19486
0.138018
0.046062
1.24403
1.61679
0.167164
-0.184122
-0.148756
-1.06004
1.62148
-0.19486
0.136484
0.046062
1.24403
1.61219
0.167164
-0.184122
-0.148756
-1.06004
1.61841
-0.19486
0.136484
0.046062
1.24403
1.60912
0.168698
-0.184122
-0.148756
-1.06004
1.61534
-0.19486
0.13495
0.046062
1.24403
1.60452
0.168698
-0.185656
-0.148756
-1.06004
1.61228
-0.19486
0.13495
0.046062
1.24403
1.60145
0.170232
-0.184122
-0.148756
-1.06004
1.60767
-0.19486
0.13495
0.046062
1.24403
1.59685
0.170232
-0.184122
-0.148756
-1.06004
1.60461
-0.19486
0.13495
0.046062
1.24403
1.59378
0.171766
-0.184122
-0.148756
-1.06004
1.60154
-0.19486
0.133416
0.046062
1.24403
1.58918
0.1733
-0.184122
-0.148756
-1.06004
1.59694
-0.19486
0.133416
0.046062
1.24403
1.58458
0.1733
-0.184122
-0.148756
-1.06004
1.59387
-0.19486
0.133416
0.046062
1.24403
1.57998
0.174834
-0.184122
-0.148756
-1.06004
1.5908
-0.196394
0.131882
0.046062
1.24403
1.57538
0.176368
-0.184122
-0.148756
-1.06004
1.58773
-0.197928
0.131882
0.046062
1.24403
1.56924
0.177902
-0.184122
-0.148756
-1.06004
1.58313
-0.200996
0.130348
0.046062
1.2425
1.56464
0.179436
-0.184122
-0.148756
-1.06004
1.58006
-0.204064
0.130348
0.046062
1.24403
1.56004
0.18097
-0.184122
-0.148756
-1.06004
1.57546
-0.207132
0.130348
0.046062
1.24403
1.55543
0.182504
-0.184122
-0.148756
-1.06004
1.57086
-0.2102
0.128814
0.046062
1.24403
1.55083
0.184038
-0.184122
-0.148756
-1.06004
1.56472
-0.211734
0.12728
0.046062
1.24403
1.5447
0.185572
-0.184122
-0.148756
-1.06004
1.55859
-0.213268
0.12728
0.046062
1.24403
1.53856
0.185572
-0.184122
-0.148756
-1.06004
1.55092
-0.214802
0.12728
0.046062
1.24403
1.53089
0.187106
-0.184122
-0.148756
-1.06004
1.54478
-0.216336
0.125746
0.046062
1.24403
1.52629
0.187106
-0.184122
-0.148756
-1.06004
1.53711
-0.219404
0.125746
0.046062
1.24403
1.51862
0.18864
-0.184122
-0.148756
-1.06004
1.53097
-0.220938
0.125746
0.046062
1.24403
1.51402
0.190174
-0.184122
-0.148756
-1.06004
1.52484
-0.222472
0.124212
0.046062
1.24403
1.50788
0.190174
-0.184122
-0.148756
-1.06004
1.5187
-0.22554
0.124212
0.046062
1.24403
1.50174
0.191708
-0.184122
-0.148756
-1.06004
1.51257
-0.22554
0.122678
0.046062
1.24403
1.49561
0.193242
-0.184122
-0.148756
-1.06004
1.50643
-0.227074
0.122678
0.046062
1.24403
1.48947
0.194776
-0.184122
-0.148756
-1.06004
1.49876
-0.227074
0.122678
0.046062
1.24403
1.4818
0.19631
-0.184122
-0.148756
-1.06004
1.49262
-0.228608
0.122678
0.046062
1.24403
1.47567
0.199378
-0.184122
-0.148756
-1.06004
1.48649
-0.230142
0.122678
0.046062
1.24403
1.46646
0.202446
-0.185656
-0.148756
-1.06004
1.47882
-0.231676
0.121144
0.046062
1.24403
1.45879
0.20398
-0.184122
-0.148756
-1.06004
1.47268
-0.23321
0.121144
0.046062
1.24403
1.44959
0.205514
-0.184122
-0.148756
-1.06004
1.46655
-0.234744
0.121144
0.046062
1.24403
1.44192
0.207048
-0.185656
-0.148756
-1.06004
1.46194
-0.236278
0.121144
0.046062
1.24403
1.43118
0.210116
-0.185656
-0.148756
-1.06004
1.45581
-0.237812
0.11961
0.046062
1.24403
1.42351
0.21165
-0.184122
-0.15029
-1.06004
1.44814
-0.239346
0.11961
0.046062
1.24403
1.41124
0.213184
-0.185656
-0.148756
-1.0585
1.442
-0.239346
0.11961
0.046062
1.24403
1.4005
0.214718
-0.184122
-0.15029
-1.06004
1.43433
-0.24088
0.11961
0.046062
1.24403
1.38209
0.21932
-0.184122
-0.151824
-1.06004
1.4282
-0.24088
0.11961
0.046062
1.24403
1.36368
0.223922
-0.184122
-0.151824
-1.06004
1.42206
-0.242414
0.11961
0.046062
1.24403
1.34374
0.22699
-0.184122
-0.151824
-1.06004
1.41746
-0.243948
0.11961
0.046062
1.24403
1.32227
0.228524
-0.184122
-0.151824
-1.0585
1.41132
-0.243948
0.11961
0.046062
1.24403
1.30079
0.230058
-0.184122
-0.153358
-1.06004
1.40519
-0.245482
0.11961
0.046062
1.24403
1.28085
0.230058
-0.184122
-0.154892
-1.06004
1.39752
-0.247016
0.11961
0.046062
1.24403
1.25784
0.230058
-0.184122
-0.156426
-1.06004
1.38831
-0.247016
0.118076
0.046062
1.24403
1.23329
0.230058
-0.185656
-0.15796
-1.06004
1.37911
-0.245482
0.118076
0.046062
1.24403
1.20875
0.230058
-0.184122
-0.161028
-1.06004
1.3699
-0.245482
0.118076
0.046062
1.24403
1.18421
0.230058
-0.184122
-0.162562
-1.06004
1.35763
-0.245482
0.118076
0.046062
1.24403
1.1612
0.231592
-0.184122
-0.164096
-1.06004
1.34229
-0.247016
0.118076
0.047596
1.24403
1.13665
0.231592
-0.185656
-0.16563
-1.06004
1.32388
-0.247016
0.118076
0.047596
1.24403
1.11518
0.231592
-0.185656
-0.16563
-1.06004
1.30394
-0.247016
0.116542
0.047596
1.24403
1.0937
0.231592
-0.185656
-0.167164
-1.06004
1.2794
-0.247016
0.116542
0.047596
1.24403
1.07376
0.230058
-0.184122
-0.168698
-1.06004
1.25332
-0.247016
0.116542
0.047596
1.24403
1.05228
0.231592
-0.184122
-0.170232
-1.06004
1.22417
-0.245482
0.116542
0.047596
1.24403
1.03541
0.230058
-0.184122
-0.171766
-1.06004
1.19656
-0.245482
0.116542
0.047596
1.24403
1.01853
0.230058
-0.184122
-0.171766
-1.06004
1.16895
-0.247016
0.116542
0.047596
1.24403
1.00933
0.230058
-0.185656
-0.1733
-1.06004
1.14594
-0.247016
0.116542
0.047596
1.24403
1.00166
0.231592
-0.185656
-0.174834
-1.06004
1.12446
-0.245482
0.116542
0.047596
1.24403
0.997058
0.23466
-0.185656
-0.174834
-1.06004
1.10759
-0.247016
0.116542
0.047596
1.24403
0.992456
0.239262
-0.184122
-0.174834
-1.06004
1.09072
-0.247016
0.116542
0.047596
1.24403
0.992456
0.243864
-0.184122
-0.174834
-1.06004
1.07538
-0.24855
0.116542
0.047596
1.24403
0.992456
0.25
-0.184122
-0.1733
-1.06004
1.0631
-0.24855
0.116542
0.047596
1.24403
0.990922
0.254602
-0.185656
-0.1733
-1.0585
1.05083
-0.24855
0.116542
0.047596
1.24403
0.990922
0.259204
-0.184122
-0.1733
-1.06004
1.04316
-0.250084
0.116542
0.047596
1.24403
0.990922
0.262272
-0.184122
-0.174834
-1.06004
1.03549
-0.250084
0.116542
0.047596
1.24403
0.987854
0.26534
-0.184122
-0.174834
-1.06004
1.03089
-0.24855
0.116542
0.047596
1.24403
0.983252
0.268408
-0.185656
-0.174834
-1.06004
1.02475
-0.250084
0.116542
0.047596
1.24403
0.977116
0.269942
-0.185656
-0.174834
-1.06004
1.01708
-0.250084
0.116542
0.047596
1.24403
0.97098
0.271476
-0.184122
-0.174834
-1.06004
1.00941
-0.250084
0.115008
0.047596
1.24403
0.96331
0.27301
-0.185656
-0.176368
-1.06004
1.00021
-0.24855
0.115008
0.047596
1.24403
0.95564
0.274544
-0.185656
-0.176368
-1.06004
0.987938
-0.250084
0.113474
0.047596
1.24403
0.946436
0.276078
-0.184122
-0.176368
-1.06004
0.9772
-0.250084
0.113474
0.047596
1.24403
0.934164
0.279146
-0.185656
-0.176368
-1.06004
0.966462
-0.250084
0.113474
0.047596
1.24403
0.923426
0.28068
-0.185656
-0.176368
-1.06004
0.95419
-0.250084
0.11194
0.047596
1.24403
0.912688
0.282214
-0.185656
-0.177902
-1.06004
0.944986
-0.251618
0.11194
0.047596
1.24403
0.898882
0.285282
-0.185656
-0.176368
-1.06004
0.932714
-0.253152
0.11194
0.047596
1.24403
0.885076
0.286816
-0.184122
-0.176368
-1.06004
0.920442
-0.25622
0.110406
0.047596
1.24403
0.87127
0.28835
-0.185656
-0.176368
-1.06004
0.902034
-0.259288
0.108872
0.047596
1.24403
0.851328
0.292952
-0.185656
-0.177902
-1.06004
0.883626
-0.262356
0.107338
0.047596
1.24403
0.829852
0.297554
-0.185656
-0.177902
-1.06004
0.860616
-0.268492
0.105804
0.047596
1.24403
0.80224
0.30369
-0.184122
-0.177902
-1.06004
0.840674
-0.273094
0.105804
0.047596
1.24403
0.776162
0.306758
-0.185656
-0.177902
-1.06004
0.81613
-0.27923
0.105804
0.047596
1.24403
0.742414
0.309826
-0.184122
-0.177902
-1.06004
0.790052
-0.2869
0.10427
0.047596
1.24403
0.711734
0.31136
-0.185656
-0.179436
-1.06004
0.759372
-0.293036
0.10427
0.047596
1.24403
0.677986
0.312894
-0.185656
-0.179436
-1.06004
0.728692
-0.297638
0.102736
0.047596
1.24403
0.645772
0.314428
-0.185656
-0.179436
-1.06004
0.696478
-0.303774
0.102736
0.047596
1.24403
0.61049
0.315962
-0.185656
-0.18097
-1.06004
0.665798
-0.30991
0.102736
0.047596
1.24403
0.575208
0.317496
-0.185656
-0.18097
-1.06004
0.633584
-0.31758
0.101202
0.047596
1.24403
0.539926
0.31903
-0.185656
-0.18097
-1.06004
0.604438
-0.322182
0.101202
0.047596
1.24403
0.506178
0.320564
-0.185656
-0.18097
-1.06004
0.573758
-0.328318
0.099668
0.047596
1.24403
0.470896
0.325166
-0.185656
-0.182504
-1.06004
0.543078
-0.334454
0.098134
0.047596
1.24403
0.438682
0.3267
-0.185656
-0.182504
-1.06004
0.517
-0.34059
0.0966001
0.047596
1.24403
0.404934
0.331302
-0.185656
-0.182504
-1.06004
0.492456
-0.34826
0.0966001
0.047596
1.24403
0.377322
0.335904
-0.185656
-0.184038
-1.06004
0.469446
-0.357464
0.0950661
0.047596
1.24403
0.346642
0.343574
-0.185656
-0.184038
-1.0631
0.446436
-0.366668
0.0935321
0.047596
1.24403
0.322098
0.34971
-0.185656
-0.185572
-1.06617
0.428028
-0.37894
0.0935321
0.047596
1.24403
0.297554
0.360448
-0.185656
-0.185572
-1.07077
0.408086
-0.392746
0.0919981
0.047596
1.24403
0.277612
0.37272
-0.184122
-0.187106
-1.07538
0.389678
-0.406552
0.0904641
0.047596
1.24403
0.259204
0.386526
-0.185656
-0.187106
-1.07998
0.37127
-0.423426
0.0904641
0.047596
1.24403
0.240796
0.404934
-0.185656
-0.190174
-1.08765
0.354396
-0.441834
0.0889301
0.04913
1.24403
0.225456
0.421808
-0.185656
-0.191708
-1.10299
0.335988
-0.461776
0.0889301
0.047596
1.24403
0.21165
0.44175
-0.184122
-0.194776
-1.12446
0.320648
-0.481718
0.0889301
0.04913
1.24403
0.202446
0.461692
-0.185656
-0.19631
-1.14747
0.303774
-0.503194
0.0873961
0.047596
1.24403
0.191708
0.484702
-0.184122
-0.199378
-1.17969
0.2869
-0.52467
0.0873961
0.047596
1.24403
0.185572
0.506178
-0.184122
-0.200912
-1.21804
0.27156
-0.544612
0.0873961
0.04913
1.24403
0.179436
0.529188
-0.184122
-0.202446
-1.26252
0.254686
-0.564554
0.0873961
0.047596
1.24403
0.176368
0.54913
-0.185656
-0.205514
-1.30394
0.24088
-0.582962
0.0873961
0.047596
1.24403
0.171766
0.570606
-0.184122
-0.207048
-1.35763
0.22554
-0.599836
0.0873961
0.047596
1.24403
0.167164
0.590548
-0.184122
-0.208582
-1.40519
0.211734
-0.61671
0.0873961
0.04913
1.24403
0.162562
0.612024
-0.184122
-0.210116
-1.44507
0.19486
-0.63205
0.0873961
0.04913
1.24403
0.154892
0.630432
-0.184122
-0.21165
-1.47268
0.181054
-0.645856
0.0873961
0.047596
1.24403
0.147222
0.647306
-0.184122
-0.214718
-1.49569
0.168782
-0.659662
0.0873961
0.04913
1.24403
0.139552
0.662646
-0.184122
-0.216252
-1.5141
0.162646
-0.6704
0.0858622
0.047596
1.24403
0.130348
0.67952
-0.184122
-0.21932
-1.52791
0.15651
-0.676536
0.0858622
0.04913
1.24403
0.122678
0.693326
-0.184122
-0.220854
-1.53864
0.151908
-0.681138
0.0858622
0.047596
1.24403
0.115008
0.708666
-0.184122
-0.222388
-1.54631
0.147306
-0.682672
0.0858622
0.04913
1.24403
0.105804
0.720938
-0.184122
-0.222388
-1.54631
0.142704
-0.684206
0.0858622
0.047596
1.24403
0.0966001
0.736278
-0.184122
-0.222388
-1.54631
0.138102
-0.68574
0.0858622
0.04913
1.24403
0.0919981
0.747016
-0.184122
-0.222388
-1.54631
0.1335
-0.688808
0.0843279
0.047596
1.24403
0.0873961
0.757754
-0.184122
-0.222388
-1.54631
0.128898
-0.694944
0.0843279
0.047596
1.24403
0.0843279
0.765424
-0.184122
-0.222388
-1.54631
0.12583
-0.699546
0.0843279
0.04913
1.24403
0.082794
0.773094
-0.184122
-0.222388
-1.54631
0.119694
-0.707216
0.0843279
0.04913
1.24403
0.082794
0.780764
-0.182588
-0.222388
-1.54631
0.116626
-0.713352
0.0843279
0.04913
1.24403
0.08126
0.788434
-0.176452
-0.222388
-1.54631
0.113558
-0.721022
0.0843279
0.04913
1.24403
0.08126
0.796104
-0.173384
-0.222388
-1.54631
0.11049
-0.730226
0.082794
0.047596
1.24403
0.08126
0.806842
-0.17185
-0.222388
-1.54631
0.108956
-0.737896
0.082794
0.04913
1.24403
0.08126
0.816046
-0.17185
-0.222388
-1.54631
0.107422
-0.748634
0.082794
0.04913
1.24403
0.082794
0.82525
-0.17185
-0.222388
-1.54631
0.104354
-0.759372
0.08126
0.04913
1.24403
0.08126
0.835988
-0.17185
-0.222388
-1.54631
0.101286
-0.77011
0.08126
0.04913
1.24403
0.08126
0.843658
-0.17185
-0.222388
-1.54631
0.0997519
-0.779314
0.08126
0.047596
1.24403
0.08126
0.849794
-0.17185
-0.222388
-1.54631
0.098218
-0.788518
0.079726
0.047596
1.24403
0.08126
0.857464
-0.17185
-0.222388
-1.54631
0.098218
-0.796188
0.079726
0.047596
1.24403
0.079726
0.865134
-0.17185
-0.222388
-1.54631
0.096684
-0.806926
0.079726
0.047596
1.24403
0.08126
0.872804
-0.170316
-0.222388
-1.54631
0.096684
-0.81613
0.079726
0.04913
1.24403
0.08126
0.882008
-0.168782
-0.220854
-1.54631
0.096684
-0.829936
0.078192
0.047596
1.24403
0.079726
0.889678
-0.168782
-0.21165
-1.54631
0.096684
-0.848344
0.079726
0.04913
1.24403
0.079726
0.895814
-0.168782
-0.202446
-1.54631
0.096684
-0.874422
0.079726
0.04913
1.24403
0.078192
0.903484
-0.170316
-0.197844
-1.54631
0.096684
-0.902034
0.078192
0.04913
1.24403
0.078192
0.912688
-0.168782
-0.19631
-1.54631
0.096684
-0.934248
0.078192
0.04913
1.24403
0.078192
0.921892
-0.168782
-0.194776
-1.54631
0.09515
-0.967996
0.079726
0.047596
1.24403
0.078192
0.93263
-0.168782
-0.19631
-1.54631
0.096684
-0.995608
0.078192
0.047596
1.24403
0.076658
0.941834
-0.168782
-0.19631
-1.54631
0.09515
-1.02475
0.078192
0.04913
1.24403
0.078192
0.952572
-0.168782
-0.197844
-1.55092
0.09515
-1.0493
0.079726
0.047596
1.24403
0.076658
0.97098
-0.168782
-0.213184
-1.56472
0.09515
-1.07077
0.078192
0.04913
1.24403
0.076658
0.99399
-0.168782
-0.231592
-1.57546
0.09515
-1.08765
0.079726
0.04913
1.24403
0.075124
1.0078
-0.168782
-0.23466
-1.59387
0.09515
-1.11066
0.078192
0.047596
1.24403
0.075124
1.02007
-0.168782
-0.239262
-1.62455
0.093616
-1.13367
0.079726
0.04913
1.24403
0.07359
1.03081
-0.168782
-0.24233
-1.64909
0.093616
-1.15821
0.078192
0.047596
1.24403
0.0720561
1.04001
-0.168782
-0.24233
-1.68284
0.093616
-1.17969
0.079726
0.047596
1.24403
0.0720561
1.04921
-0.168782
-0.243864
-1.71659
0.093616
-1.2027
0.079726
0.047596
1.24403
0.0720561
1.05688
-0.168782
-0.245398
-1.74573
0.092082
-1.22111
0.079726
0.04913
1.24403
0.0720561
1.06455
-0.168782
-0.246932
-1.76874
0.092082
-1.23645
0.078192
0.047596
1.24557
0.0720561
1.07069
-0.168782
-0.248466
-1.79022
0.092082
-1.24872
0.079726
0.047596
1.24557
0.0720561
1.07683
-0.168782
-0.248466
-1.80709
0.092082
-1.26099
0.078192
0.047596
1.24557
0.0720561
1.08296
-0.168782
-0.25
-1.81476
0.092082
-1.26866
0.078192
0.047596
1.24557
0.0720561
1.08756
-0.168782
-0.253068
-1.82243
0.093616
-1.2748
0.078192
0.047596
1.24557
0.0720561
1.09217
-0.168782
-0.256136
-1.83317
0.092082
-1.2794
0.078192
0.04913
1.24557
0.0720561
1.09523
-0.168782
-0.25767
-1.83777
0.092082
-1.28247
0.078192
0.047596
1.24557
0.0720561
1.0983
-0.168782
-0.260738
-1.83777
0.093616
-1.28707
0.078192
0.047596
1.24557
0.0720561
1.1029
-0.168782
-0.260738
-1.83777
0.092082
-1.29014
0.078192
0.047596
1.24557
0.07359
1.10751
-0.168782
-0.262272
-1.83777
0.092082
-1.29474
0.078192
0.047596
1.24557
0.07359
1.11364
-0.168782
-0.262272
-1.83777
0.092082
-1.29934
0.078192
0.047596
1.24557
0.07359
1.12285
-0.167248
-0.260738
-1.83777
0.093616
-1.30548
0.078192
0.047596
1.24557
0.07359
1.13205
-0.167248
-0.25767
-1.83777
0.092082
-1.31008
0.078192
0.047596
1.2471
0.07359
1.14125
-0.167248
-0.253068
-1.83777
0.093616
-1.31468
0.078192
0.047596
1.24557
0.07359
1.15046
-0.167248
-0.246932
-1.83777
0.093616
-1.31775
0.078192
0.04913
1.24557
0.07359
1.15966
-0.167248
-0.243864
-1.83777
0.092082
-1.32235
0.078192
0.047596
1.24557
0.07359
1.1704
-0.167248
-0.24233
-1.83777
0.093616
-1.32388
0.078192
0.047596
1.24557
0.07359
1.1796
-0.167248
-0.24233
-1.83777
0.093616
-1.32542
0.078192
0.047596
1.24557
0.07359
1.18881
-0.168782
-0.243864
-1.83777
0.093616
-1.32695
0.078192
0.047596
1.24557
0.07359
1.19801
-0.168782
-0.245398
-1.83777
0.093616
-1.32695
0.078192
0.047596
1.24557
0.07359
1.20722
-0.168782
-0.248466
-1.83777
0.092082
-1.32849
0.078192
0.047596
1.24557
0.07359
1.21489
-0.168782
-0.254602
-1.83777
0.093616
-1.33002
0.078192
0.047596
1.24557
0.07359
1.22409
-0.168782
-0.259204
-1.83777
0.092082
-1.33002
0.078192
0.047596
1.24557
0.07359
1.23023
-0.168782
-0.260738
-1.84084
0.093616
-1.33002
0.078192
0.047596
1.24557
0.07359
1.23636
-0.168782
-0.263806
-1.84391
0.093616
-1.33002
0.078192
0.047596
1.24557
0.07359
1.24096
-0.170316
-0.266874
-1.84391
0.093616
-1.33002
0.078192
0.047596
1.24557
0.07359
1.24557
-0.17185
-0.266874
-1.84391
0.092082
-1.33002
0.078192
0.047596
1.24557
0.07359
1.25017
-0.176452
-0.266874
-1.84391
0.093616
-1.33155
0.078192
0.047596
1.24557
0.07359
1.25477
-0.177986
-0.266874
-1.84391
0.092082
-1.33309
0.078192
0.047596
1.24557
0.07359
1.26091
-0.177986
-0.266874
-1.84391
0.092082
-1.33616
0.076658
0.047596
1.24557
0.07359
1.26551
-0.177986
-0.266874
-1.84391
0.093616
-1.33922
0.076658
0.047596
1.24557
0.07359
1.27164
-0.177986
-0.266874
-1.84391
0.093616
-1.34076
0.075124
0.047596
1.24557
0.07359
1.27778
-0.177986
-0.266874
-1.84391
0.093616
-1.34229
0.075124
0.047596
1.24557
0.07359
1.28238
-0.177986
-0.266874
-1.84391
0.093616
-1.34229
0.07359
0.047596
1.24557
0.07359
1.29005
-0.177986
-0.266874
-1.84391
0.093616
-1.34383
0.07359
0.047596
1.24557
0.07359
1.29619
-0.177986
-0.266874
-1.84391
0.093616
-1.34383
0.07359
0.047596
1.24557
0.07359
1.30079
-0.177986
-0.266874
-1.84391
0.093616
-1.34383
0.0720561
0.047596
1.24557
0.07359
1.30539
-0.177986
-0.266874
-1.84391
0.093616
-1.34383
0.0720561
0.047596
1.24557
0.07359
1.30846
-0.177986
-0.266874
-1.84391
0.093616
-1.34383
0.0720561
0.047596
1.24557
0.07359
1.31153
-0.177986
-0.266874
-1.84391
0.093616
-1.34383
0.0705221
0.047596
1.24557
0.07359
1.3146
-0.17952
-0.266874
-1.84391
0.092082
-1.34383
0.0705221
0.047596
1.24557
0.07359
1.3146
-0.177986
-0.266874
-1.84391
0.093616
-1.34383
0.0705221
0.047596
1.24557
0.07359
1.31613
-0.177986
-0.266874
-1.84391
0.093616
-1.34383
0.0705221
0.04913
1.24557
0.07359
1.31613
-0.17952
-0.266874
-1.84391
0.092082
-1.34383
0.0689881
0.047596
1.24557
0.07359
1.31613
-0.177986
-0.266874
-1.84391
0.092082
-1.34383
0.0689881
0.047596
1.24557
0.075124
1.31766
-0.177986
-0.266874
-1.84391
0.093616
-1.34383
0.0674541
0.047596
1.24557
0.07359
1.31613
-0.177986
-0.266874
-1.84391
0.092082
-1.34383
0.0674541
0.047596
1.24557
0.07359
1.31613
-0.177986
-0.266874
-1.84544
0.092082
-1.34383
0.0674541
0.047596
1.24557
0.07359
1.31613
-0.177986
-0.266874
-1.84391
0.092082
-1.34383
0.0659201
0.047596
1.24557
0.07359
1.31613
-0.177986
-0.266874
-1.84391
0.092082
-1.34383
0.0674541
0.047596
1.24557
0.07359
1.31613
-0.177986
-0.266874
-1.84544
0.093616
-1.34383
0.0659201
0.04913
1.24557
0.07359
1.31613
-0.177986
-0.266874
-1.84391
0.093616
-1.34383
0.0659201
0.047596
1.24557
0.07359
1.31613
-0.177986
-0.266874
-1.84391
0.092082
-1.34383
0.0659201
0.047596
1.24557
0.075124
1.31613
-0.177986
-0.268408
-1.84544
0.093616
-1.34229
0.0643861
0.047596
1.24557
0.07359
1.31613
-0.177986
-0.266874
-1.84391
0.093616
-1.34229
0.0643861
0.047596
1.24557
0.07359
1.31613
-0.177986
-0.268408
-1.84391
0.092082
-1.34229
0.0659201
0.047596
1.24557
0.07359
1.31613
-0.177986
-0.266874
-1.84391
0.092082
-1.34229
0.0659201
0.047596
1.24557
0.07359
1.31613
-0.177986
-0.268408
-1.84391
0.093616
-1.34229
0.0643861
0.047596
1.24557
0.07359
1.31613
-0.177986
-0.268408
-1.84391
0.092082
-1.34229
0.0643861
0.04913
1.24557
0.075124
1.31613
-0.177986
-0.269942
-1.84391
0.092082
-1.34229
0.0643861
0.047596
1.24557
0.07359
1.31613
-0.177986
-0.269942
-1.84391
0.092082
-1.34229
0.0643861
0.047596
1.24557
0.07359
1.3146
-0.177986
-0.269942
-1.84391
0.092082
-1.34229
0.0643861
0.047596
1.24557
0.07359
1.3146
-0.177986
-0.271476
-1.84391
0.092082
-1.34229
0.0643861
0.047596
1.24557
0.07359
1.3146
-0.177986
-0.27301
-1.84391
0.092082
-1.34076
0.0643861
0.047596
1.24557
0.07359
1.3146
-0.177986
-0.276078
-1.84391
0.092082
-1.33922
0.0659201
0.047596
1.24557
0.07359
1.31306
-0.17952
-0.279146
-1.84391
0.092082
-1.33769
0.0643861
0.047596
1.24557
0.07359
1.31153
-0.17952
-0.282214
-1.84391
0.092082
-1.33616
0.0643861
0.047596
1.24557
0.07359
1.30999
-0.181054
-0.285282
-1.84391
0.092082
-1.33616
0.0643861
0.047596
1.24557
0.07359
1.30846
-0.181054
-0.286816
-1.84391
0.093616
-1.33616
0.0643861
0.047596
1.24557
0.07359
1.30846
-0.182588
-0.289884
-1.84391
0.092082
-1.33616
0.0643861
0.04913
1.24557
0.07359
1.30693
-0.182588
-0.292952
-1.84391
0.092082
-1.33462
0.0643861
0.047596
1.24557
0.07359
1.30386
-0.182588
-0.294486
-1.84391
0.092082
-1.33309
0.0659201
0.047596
1.24557
0.07359
1.29926
-0.182588
-0.297554
-1.84391
0.092082
-1.33155
0.0659201
0.04913
1.24557
0.07359
1.29159
-0.182588
-0.299088
-1.84391
0.092082
-1.32695
0.0659201
0.04913
1.24557
0.0720561
1.28392
-0.182588
-0.300622
-1.84391
0.092082
-1.32542
0.0659201
0.047596
1.24557
0.0720561
1.27625
-0.182588
-0.305224
-1.84391
0.092082
-1.32388
0.0659201
0.04913
1.24557
0.0720561
1.27164
-0.182588
-0.308292
-1.84391
0.092082
-1.32388
0.0659201
0.047596
1.24557
0.0705221
1.26858
-0.182588
-0.31136
-1.84391
0.092082
-1.32388
0.0659201
0.04913
1.24557
0.0705221
1.26704
-0.182588
-0.315962
-1.84391
0.092082
-1.32388
0.0659201
0.04913
1.24557
0.0705221
1.26397
-0.184122
-0.31903
-1.84391
0.092082
-1.32235
0.0659201
0.04913
1.24557
0.0705221
1.26091
-0.182588
-0.322098
-1.84391
0.092082
-1.31775
0.0659201
0.04913
1.2471
0.0705221
1.25784
-0.184122
-0.325166
-1.84391
0.092082
-1.31008
0.0659201
0.0506639
1.2471
0.0689881
1.2517
-0.184122
-0.328234
-1.84391
0.092082
-1.30241
0.0659201
0.0521979
1.2471
0.0689881
1.24403
-0.184122
-0.331302
-1.84391
0.092082
-1.29781
0.0659201
0.0552659
1.24557
0.0689881
1.2379
-0.184122
-0.33437
-1.84391
0.092082
-1.29167
0.0643861
0.0567999
1.24557
0.0674541
1.23176
-0.182588
-0.337438
-1.84391
0.092082
-1.28553
0.0628521
0.0598679
1.24557
0.0674541
1.22562
-0.184122
-0.34204
-1.84391
0.092082
-1.28093
0.0643861
0.0614018
1.24557
0.0674541
1.21949
-0.184122
-0.345108
-1.84391
0.092082
-1.2748
0.0643861
0.0629361
1.24557
0.0674541
1.21335
-0.182588
-0.34971
-1.84391
0.092082
-1.26866
0.0643861
0.066004
1.24557
0.0674541
1.20568
-0.182588
-0.354312
-1.84391
0.092082
-1.26252
0.0643861
0.069072
1.24557
0.0674541
1.19955
-0.184122
-0.358914
-1.84391
0.092082
-1.25792
0.0643861
0.070606
1.2471
0.0659201
1.19188
-0.184122
-0.363516
-1.84391
0.092082
-1.25179
0.0643861
0.070606
1.24557
0.0659201
1.18421
-0.182588
-0.366584
-1.84391
0.092082
-1.24718
0.0643861
0.07214
1.24557
0.0659201
1.17654
-0.184122
-0.371186
-1.84391
0.092082
-1.24105
0.0643861
0.0752079
1.24557
0.0659201
1.16887
-0.182588
-0.374254
-1.84391
0.092082
-1.23338
0.0643861
0.0767419
1.24557
0.0659201
1.1612
-0.184122
-0.377322
-1.84391
0.092082
-1.22571
0.0643861
0.0782759
1.24557
0.0659201
1.15506
-0.184122
-0.381924
-1.84391
0.092082
-1.21497
0.0643861
0.0828779
1.24557
0.0659201
1.14432
-0.182588
-0.386526
-1.84391
0.092082
-1.20577
0.0643861
0.0859461
1.2471
0.0659201
1.13512
-0.184122
-0.391128
-1.83624
0.092082
-1.19656
0.0643861
0.0874801
1.24557
0.0628521
1.12591
-0.184122
-0.397264
-1.82704
0.092082
-1.18582
0.0643861
0.0890141
1.24557
0.0628521
1.11824
-0.184122
-0.401866
-1.8163
0.090548
-1.17662
0.0643861
0.090548
1.24557
0.0613179
1.10904
-0.182588
-0.404934
-1.80863
0.090548
-1.16895
0.0643861
0.092082
1.24557
0.0613179
1.10137
-0.184122
-0.409536
-1.79329
0.090548
-1.15821
0.0643861
0.09515
1.24557
0.0628521
1.0937
-0.184122
-0.414138
-1.77488
0.090548
-1.14901
0.0643861
0.096684
1.2471
0.0613179
1.0845
-0.184122
-0.41874
-1.76261
0.090548
-1.13827
0.0643861
0.0997519
1.24557
0.0613179
1.07529
-0.184122
-0.423342
-1.7534
0.090548
-1.126
0.0643861
0.101286
1.24557
0.0613179
1.06762
-0.184122
-0.42641
-1.7488
0.090548
-1.11526
0.0643861
0.10282
1.24557
0.0613179
1.05842
-0.182588
-0.429478
-1.74727
0.090548
-1.10452
0.0643861
0.104354
1.24557
0.0613179
1.04921
-0.184122
-0.431012
-1.74113
0.090548
-1.09378
0.0643861
0.105888
1.24557
0.0613179
1.04308
-0.184122
-0.43408
-1.73653
0.090548
-1.08305
0.0643861
0.105888
1.24557
0.0613179
1.03541
-0.182588
-0.438682
-1.72886
0.090548
-1.06924
0.0643861
0.105888
1.2471
0.0613179
1.03081
-0.184122
-0.44175
-1.72579
0.090548
-1.04776
0.0643861
0.105888
1.24863
0.0613179
1.02467
-0.182588
-0.444818
-1.72272
0.090548
-1.02322
0.0643861
0.105888
1.24863
0.0613179
1.017
-0.182588
-0.447886
-1.72272
0.090548
-0.994074
0.0643861
0.104354
1.24863
0.0613179
1.00626
-0.184122
-0.452488
-1.72119
0.090548
-0.967996
0.0643861
0.105888
1.24863
0.0613179
0.997058
-0.184122
-0.454022
-1.71966
0.090548
-0.940384
0.0628521
0.105888
1.2471
0.0613179
0.983252
-0.184122
-0.452488
-1.71659
0.090548
-0.917374
0.0613179
0.105888
1.2471
0.0613179
0.974048
-0.182588
-0.455556
-1.71199
0.090548
-0.894364
0.0613179
0.105888
1.24557
0.0613179
0.964844
-0.184122
-0.45709
-1.70892
0.090548
-0.874422
0.0597839
0.105888
1.24557
0.0613179
0.958708
-0.182588
-0.458624
-1.70432
0.090548
-0.856014
0.0597839
0.105888
1.24557
0.0613179
0.951038
-0.182588
-0.460158
-1.70125
0.090548
-0.836072
0.0597839
0.105888
1.24557
0.0613179
0.946436
-0.182588
-0.460158
-1.70125
0.090548
-0.817664
0.0597839
0.105888
1.24557
0.0628521
0.938766
-0.182588
-0.461692
-1.69971
0.090548
-0.797722
0.05825
0.105888
1.24557
0.0628521
0.93263
-0.182588
-0.461692
-1.69971
0.090548
-0.779314
0.056716
0.105888
1.24557
0.0628521
0.926494
-0.182588
-0.461692
-1.69818
0.090548
-0.759372
0.055182
0.105888
1.24557
0.0628521
0.918824
-0.182588
-0.461692
-1.69665
0.092082
-0.744032
0.055182
0.105888
1.24557
0.0628521
0.911154
-0.182588
-0.463226
-1.69511
0.090548
-0.727158
0.053648
0.105888
1.24557
0.0628521
0.903484
-0.182588
-0.46476
-1.69511
0.090548
-0.713352
0.053648
0.105888
1.24557
0.0613179
0.89428
-0.181054
-0.466294
-1.69511
0.090548
-0.698012
0.053648
0.105888
1.24557
0.0613179
0.88661
-0.181054
-0.466294
-1.69358
0.090548
-0.68574
0.053648
0.107422
1.24557
0.0613179
0.875872
-0.181054
-0.466294
-1.69511
0.090548
-0.673468
0.053648
0.108956
1.24557
0.0643861
0.866668
-0.181054
-0.466294
-1.69358
0.092082
-0.66273
0.053648
0.108956
1.24557
0.0659201
0.858998
-0.181054
-0.466294
-1.69204
0.092082
-0.653526
0.053648
0.108956
1.24557
0.0674541
0.851328
-0.181054
-0.46476
-1.68898
0.092082
-0.644322
0.053648
0.108956
1.24557
0.0705221
0.843658
-0.181054
-0.46476
-1.68744
0.092082
-0.635118
0.053648
0.108956
1.24557
0.075124
0.835988
-0.181054
-0.466294
-1.68744
0.092082
-0.625914
0.053648
0.108956
1.24557
0.078192
0.828318
-0.17952
-0.46476
-1.68744
0.092082
-0.61671
0.053648
0.108956
1.24557
0.079726
0.81758
-0.17952
-0.46476
-1.68591
0.093616
-0.604438
0.053648
0.108956
1.24557
0.082794
0.806842
-0.17952
-0.46476
-1.68437
0.093616
-0.5937
0.053648
0.108956
1.24557
0.0904641
0.788434
-0.17952
-0.46476
-1.68284
0.096684
-0.584496
0.053648
0.108956
1.24557
0.101202
0.766958
-0.181054
-0.463226
-1.68131
0.098218
-0.575292
0.053648
0.108956
1.24557
0.108872
0.743948
-0.181054
-0.463226
-1.68131
0.101286
-0.561486
0.053648
0.108956
1.24557
0.115008
0.72554
-0.181054
-0.463226
-1.68131
0.10282
-0.54001
0.053648
0.108956
1.24863
0.124212
0.7102
-0.181054
-0.463226
-1.68131
0.107422
-0.515466
0.053648
0.108956
1.24863
0.130348
0.69486
-0.181054
-0.461692
-1.68131
0.113558
-0.487854
0.053648
0.108956
1.2471
0.13495
0.674918
-0.181054
-0.45709
-1.68131
0.121228
-0.46331
0.053648
0.108956
1.2471
0.141086
0.659578
-0.181054
-0.45709
-1.68131
0.127364
-0.443368
0.052114
0.108956
1.24557
0.15029
0.639636
-0.181054
-0.455556
-1.68131
0.1335
-0.42496
0.05058
0.108956
1.24403
0.162562
0.616626
-0.181054
-0.447886
-1.68131
0.138102
-0.412688
0.05058
0.108956
1.2425
0.174834
0.590548
-0.181054
-0.43408
-1.68131
0.142704
-0.40195
0.049046
0.108956
1.2425
0.185572
0.570606
-0.181054
-0.420274
-1.68131
0.147306
-0.395814
0.049046
0.108956
1.2425
0.199378
0.5568
-0.181054
-0.415672
-1.68131
0.150374
-0.38661
0.049046
0.108956
1.2425
0.208582
0.544528
-0.181054
-0.414138
-1.68131
0.15651
-0.37894
0.049046
0.108956
1.2425
0.216252
0.530722
-0.181054
-0.412604
-1.68131
0.161112
-0.374338
0.049046
0.108956
1.2425
0.223922
0.51845
-0.181054
-0.412604
-1.68131
0.165714
-0.37127
0.049046
0.108956
1.2425
0.231592
0.507712
-0.181054
-0.412604
-1.68131
0.17185
-0.369736
0.049046
0.108956
1.2425
0.236194
0.498508
-0.181054
-0.412604
-1.68131
0.177986
-0.366668
0.0475121
0.108956
1.2425
0.240796
0.492372
-0.181054
-0.412604
-1.68131
0.184122
-0.362066
0.049046
0.108956
1.2425
0.245398
0.486236
-0.181054
-0.41107
-1.68131
0.190258
-0.358998
0.0475121
0.108956
1.2425
0.25
0.4801
-0.17952
-0.409536
-1.68131
0.197928
-0.357464
0.0475121
0.108956
1.2425
0.254602
0.473964
-0.17185
-0.409536
-1.68131
0.207132
-0.35593
0.0475121
0.108956
1.2425
0.260738
0.467828
-0.170316
-0.408002
-1.68131
0.214802
-0.354396
0.0475121
0.108956
1.2425
0.269942
0.461692
-0.170316
-0.406468
-1.68131
0.224006
-0.351328
0.0459781
0.108956
1.2425
0.277612
0.455556
-0.170316
-0.4034
-1.68131
0.231676
-0.346726
0.0459781
0.108956
1.2425
0.285282
0.44942
-0.168782
-0.401866
-1.68131
0.237812
-0.342124
0.0444441
0.108956
1.2425
0.294486
0.443284
-0.168782
-0.400332
-1.68131
0.245482
-0.339056
0.0444441
0.108956
1.2425
0.30369
0.435614
-0.168782
-0.400332
-1.68131
0.253152
-0.334454
0.0444441
0.108956
1.2425
0.31136
0.429478
-0.167248
-0.397264
-1.68131
0.26389
-0.331386
0.0444441
0.108956
1.2425
0.322098
0.423342
-0.165714
-0.39573
-1.68131
0.274628
-0.32525
0.0429101
0.108956
1.2425
0.332836
0.415672
-0.165714
-0.392662
-1.68131
0.285366
-0.31758
0.0429101
0.108956
1.2425
0.352778
0.404934
-0.165714
-0.38806
-1.68131
0.299172
-0.30991
0.0413761
0.108956
1.2425
0.374254
0.391128
-0.165714
-0.384992
-1.68131
0.30991
-0.303774
0.0398421
0.108956
1.2425
0.392662
0.377322
-0.165714
-0.38039
-1.68131
0.320648
-0.299172
0.0383081
0.108956
1.2425
0.412604
0.36505
-0.165714
-0.377322
-1.68131
0.331386
-0.296104
0.0367742
0.108956
1.2425
0.438682
0.354312
-0.165714
-0.37272
-1.68131
0.342124
-0.291502
0.0367742
0.108956
1.2425
0.461692
0.345108
-0.16418
-0.368118
-1.68131
0.362066
-0.2869
0.0352399
0.108956
1.2425
0.48777
0.337438
-0.162646
-0.363516
-1.68131
0.377406
-0.280764
0.0337059
0.108956
1.2425
0.512314
0.328234
-0.161112
-0.358914
-1.68131
0.39428
-0.276162
0.030638
0.108956
1.2425
0.54146
0.320564
-0.159578
-0.352778
-1.68131
0.408086
-0.276162
0.02757
0.108956
1.2425
0.567538
0.312894
-0.159578
-0.34971
-1.68131
0.420358
-0.274628
0.024502
0.108956
1.2425
0.59515
0.305224
-0.158044
-0.345108
-1.67977
0.431096
-0.273094
0.0229681
0.108956
1.2425
0.61816
0.300622
-0.15651
-0.34204
-1.67824
0.438766
-0.273094
0.0199001
0.108956
1.2425
0.644238
0.29602
-0.154976
-0.337438
-1.67824
0.446436
-0.273094
0.0183661
0.108956
1.2425
0.667248
0.292952
-0.153442
-0.331302
-1.67824
0.451038
-0.274628
0.0168321
0.108956
1.2425
0.690258
0.289884
-0.151908
-0.325166
-1.67824
0.458708
-0.274628
0.0137641
0.108956
1.2425
0.7102
0.28835
-0.150374
-0.320564
-1.67824
0.464844
-0.274628
0.0122299
0.108956
1.2425
0.730142
0.286816
-0.14884
-0.314428
-1.67824
0.472514
-0.274628
0.00916195
0.108956
1.2425
0.747016
0.285282
-0.147306
-0.308292
-1.67824
0.481718
-0.274628
0.00762796
0.108956
1.2425
0.765424
0.285282
-0.145772
-0.30369
-1.67824
0.490922
-0.274628
0.00609398
0.108956
1.2425
0.774628
0.282214
-0.14117
-0.29602
-1.67977
0.503194
-0.274628
0.00455999
0.108956
1.2425
0.780764
0.28068
-0.138102
-0.289884
-1.67977
0.521602
-0.277696
0.00302601
0.107422
1.2425
0.788434
0.277612
-0.1335
-0.283748
-1.67977
0.541544
-0.27923
-4.19617e-05
0.107422
1.2425
0.79457
0.274544
-0.128898
-0.276078
-1.67977
0.564554
-0.277696
-0.00310993
0.107422
1.2425
0.800706
0.27301
-0.12583
-0.269942
-1.67824
0.584496
-0.276162
-0.0061779
0.107422
1.2425
0.805308
0.271476
-0.124296
-0.262272
-1.67977
0.604438
-0.276162
-0.0107799
0.107422
1.2425
0.808376
0.269942
-0.122762
-0.254602
-1.67977
0.62438
-0.276162
-0.0138481
0.107422
1.2425
0.812978
0.269942
-0.121228
-0.25
-1.67977
0.642788
-0.277696
-0.016916
0.107422
1.2425
0.81758
0.268408
-0.119694
-0.243864
-1.67824
0.659662
-0.27923
-0.019984
0.107422
1.2425
0.822182
0.268408
-0.11816
-0.237728
-1.67977
0.671934
-0.280764
-0.023052
0.107422
1.2425
0.828318
0.266874
-0.116626
-0.231592
-1.67977
0.681138
-0.283832
-0.0261199
0.107422
1.2425
0.834454
0.266874
-0.113558
-0.225456
-1.67824
0.688808
-0.285366
-0.0291879
0.107422
1.2425
0.839056
0.26534
-0.112024
-0.21932
-1.67977
0.696478
-0.288434
-0.0322559
0.107422
1.2425
0.845192
0.26534
-0.11049
-0.214718
-1.67977
0.70108
-0.288434
-0.0337899
0.107422
1.2425
0.852862
0.263806
-0.107422
-0.208582
-1.67977
0.707216
-0.288434
-0.0368581
0.107422
1.2425
0.857464
0.262272
-0.105888
-0.20398
-1.67824
0.711818
-0.288434
-0.0383921
0.107422
1.2425
0.8636
0.262272
-0.10282
-0.199378
-1.67824
0.717954
-0.289968
-0.0399261
0.107422
1.2425
0.87127
0.262272
-0.101286
-0.194776
-1.67977
0.72409
-0.289968
-0.04146
0.107422
1.2425
0.880474
0.262272
-0.101286
-0.187106
-1.67977
0.733294
-0.291502
-0.042994
0.107422
1.2425
0.888144
0.262272
-0.101286
-0.182504
-1.67977
0.740964
-0.291502
-0.046062
0.107422
1.2425
0.897348
0.262272
-0.101286
-0.176368
-1.67977
0.748634
-0.291502
-0.046062
0.107422
1.2425
0.905018
0.262272
-0.101286
-0.171766
-1.67977
0.756304
-0.289968
-0.047596
0.107422
1.2425
0.914222
0.262272
-0.101286
-0.167164
-1.67824
0.763974
-0.289968
-0.04913
0.107422
1.2425
0.921892
0.262272
-0.101286
-0.162562
-1.67977
0.773178
-0.288434
-0.0506639
0.107422
1.2425
0.929562
0.262272
-0.101286
-0.159494
-1.67977
0.782382
-0.2869
-0.0521979
0.107422
1.2425
0.937232
0.262272
-0.0997519
-0.154892
-1.67977
0.79312
-0.288434
-0.0537319
0.107422
1.2425
0.946436
0.262272
-0.0997519
-0.151824
-1.67824
0.803858
-0.288434
-0.0552659
0.107422
1.2425
0.95564
0.262272
-0.101286
-0.148756
-1.67977
0.81613
-0.288434
-0.0552659
0.107422
1.2425
0.96331
0.262272
-0.0997519
-0.145688
-1.67824
0.825334
-0.288434
-0.0567999
0.107422
1.2425
0.97098
0.260738
-0.0997519
-0.14262
-1.67977
0.834538
-0.288434
-0.0583339
0.107422
1.2425
0.97865
0.260738
-0.0997519
-0.141086
-1.67977
0.842208
-0.288434
-0.0583339
0.107422
1.2425
0.98632
0.260738
-0.0997519
-0.138018
-1.67977
0.851412
-0.288434
-0.0598679
0.107422
1.2425
0.99399
0.260738
-0.101286
-0.136484
-1.67824
0.86215
-0.2869
-0.0614018
0.107422
1.2425
1.00473
0.260738
-0.0997519
-0.133416
-1.67824
0.875956
-0.288434
-0.0614018
0.107422
1.2425
1.017
0.260738
-0.0997519
-0.130348
-1.67824
0.89283
-0.288434
-0.0614018
0.107422
1.2425
1.03848
0.262272
-0.0997519
-0.128814
-1.67977
0.91584
-0.291502
-0.0629361
0.107422
1.2425
1.05995
0.266874
-0.0997519
-0.12728
-1.68131
0.943452
-0.296104
-0.0644701
0.107422
1.2425
1.0845
0.271476
-0.101286
-0.122678
-1.68131
0.967996
-0.296104
-0.066004
0.105888
1.2425
1.11057
0.276078
-0.101286
-0.121144
-1.68131
0.99254
-0.296104
-0.067538
0.104354
1.2425
1.13972
0.277612
-0.101286
-0.118076
-1.68131
1.01402
-0.29457
-0.069072
0.10282
1.2425
1.16887
0.279146
-0.0997519
-0.115008
-1.67977
1.03396
-0.29457
-0.070606
0.104354
1.2425
1.20108
0.279146
-0.101286
-0.113474
-1.67977
1.05237
-0.291502
-0.07214
0.104354
1.2425
1.23329
0.279146
-0.101286
-0.11194
-1.67977
1.07077
-0.291502
-0.07214
0.104354
1.2425
1.26551
0.279146
-0.101286
-0.110406
-1.67977
1.08611
-0.289968
-0.073674
0.104354
1.2425
1.29312
0.277612
-0.101286
-0.108872
-1.67824
1.10145
-0.288434
-0.0752079
0.104354
1.2425
1.32073
0.276078
-0.101286
-0.110406
-1.67824
1.11526
-0.288434
-0.0752079
0.104354
1.2425
1.34528
0.27301
-0.101286
-0.110406
-1.67977
1.12753
-0.288434
-0.0752079
0.10282
1.2425
1.36982
0.269942
-0.101286
-0.110406
-1.67977
1.13674
-0.2869
-0.0752079
0.104354
1.2425
1.3913
0.268408
-0.101286
-0.110406
-1.67824
1.14901
-0.2869
-0.0752079
0.104354
1.2425
1.41124
0.268408
-0.101286
-0.108872
-1.67977
1.15821
-0.2869
-0.0752079
0.104354
1.2425
1.42504
0.268408
-0.101286
-0.108872
-1.67824
1.17355
-0.2869
-0.0752079
0.104354
1.2425
1.43732
0.26534
-0.101286
-0.105804
-1.67977
1.19043
-0.2869
-0.0752079
0.104354
1.2425
1.44805
0.266874
-0.101286
-0.102736
-1.67977
1.2119
-0.2869
-0.0752079
0.104354
1.2425
1.45266
0.266874
-0.101286
-0.101202
-1.67977
1.23184
-0.2869
-0.0767419
0.104354
1.2425
1.45572
0.26534
-0.101286
-0.099668
-1.67977
1.25639
-0.2869
-0.0767419
0.104354
1.2425
1.45572
0.263806
-0.101286
-0.098134
-1.67824
1.27633
-0.285366
-0.0767419
0.104354
1.2425
1.45572
0.262272
-0.101286
-0.0966001
-1.67977
1.29934
-0.283832
-0.0767419
0.104354
1.2425
1.45572
0.260738
-0.101286
-0.0935321
-1.67977
1.32082
-0.282298
-0.0767419
0.104354
1.2425
1.45572
0.260738
-0.101286
-0.0919981
-1.67824
1.33769
-0.282298
-0.0767419
0.104354
1.2425
1.45572
0.25767
-0.101286
-0.0904641
-1.67824
1.3515
-0.282298
-0.0767419
0.104354
1.2425
1.45572
0.25767
-0.101286
-0.0904641
-1.67824
1.35917
-0.280764
-0.0782759
0.104354
1.2425
1.45572
0.256136
-0.101286
-0.0889301
-1.67824
1.36377
-0.27923
-0.0782759
0.104354
1.2425
1.45572
0.254602
-0.101286
-0.0873961
-1.67824
1.36837
-0.27923
-0.0782759
0.104354
1.2425
1.45572
0.254602
-0.101286
-0.0843279
-1.67824
1.37144
-0.27923
-0.0782759
0.104354
1.2425
1.45572
0.253068
-0.101286
-0.082794
-1.67824
1.37451
-0.277696
-0.0782759
0.104354
1.2425
1.45572
0.251534
-0.101286
-0.08126
-1.67824
1.37911
-0.276162
-0.0782759
0.104354
1.2425
1.45879
0.25
-0.101286
-0.079726
-1.6767
1.38371
-0.276162
-0.0782759
0.104354
1.2425
1.46033
0.248466
-0.101286
-0.076658
-1.67824
1.39138
-0.274628
-0.0782759
0.104354
1.2425
1.46339
0.246932
-0.101286
-0.075124
-1.6767
1.39905
-0.273094
-0.0782759
0.104354
1.2425
1.46646
0.246932
-0.101286
-0.0720561
-1.67517
1.40672
-0.27156
-0.0782759
0.104354
1.2425
1.468
0.245398
-0.101286
-0.0705221
-1.6721
1.41439
-0.27156
-0.0782759
0.104354
1.2425
1.47106
0.24233
-0.101286
-0.0689881
-1.66903
1.42206
-0.27156
-0.0782759
0.104354
1.2425
1.4726
0.239262
-0.101286
-0.0674541
-1.66597
1.42973
-0.273094
-0.0782759
0.104354
1.2425
1.47413
0.236194
-0.101286
-0.0643861
-1.6629
1.43587
-0.273094
-0.0782759
0.104354
1.2425
1.47567
0.233126
-0.101286
-0.0613179
-1.65983
1.44354
-0.274628
-0.0782759
0.104354
1.2425
1.4772
0.230058
-0.101286
-0.05825
-1.65676
1.44814
-0.274628
-0.0782759
0.104354
1.2425
1.4772
0.225456
-0.101286
-0.055182
-1.65369
1.45274
-0.276162
-0.0782759
0.104354
1.2425
1.4772
0.220854
-0.101286
-0.052114
-1.65063
1.45581
-0.276162
-0.0782759
0.104354
1.2425
1.4772
0.216252
-0.101286
-0.05058
-1.64602
1.46041
-0.276162
-0.0782759
0.104354
1.2425
1.4772
0.21165
-0.101286
-0.0475121
-1.64296
1.46501
-0.276162
-0.0782759
0.104354
1.2425
1.47873
0.205514
-0.101286
-0.0444441
-1.63835
1.46808
-0.274628
-0.0782759
0.104354
1.2425
1.47873
0.199378
-0.101286
-0.0413761
-1.63375
1.47268
-0.274628
-0.0782759
0.104354
1.2425
1.48027
0.191708
-0.101286
-0.0367742
-1.63222
1.47575
-0.27156
-0.0782759
0.104354
1.2425
1.4818
0.184038
-0.101286
-0.0337059
-1.62915
1.47728
-0.268492
-0.0782759
0.104354
1.2425
1.4818
0.179436
-0.101286
-0.030638
-1.62762
1.48035
-0.265424
-0.0782759
0.104354
1.2425
1.48334
0.1733
-0.101286
-0.02757
-1.62608
1.48189
-0.26389
-0.0782759
0.104354
1.2425
1.48487
0.168698
-0.101286
-0.026036
-1.62608
1.48342
-0.260822
-0.0782759
0.104354
1.2425
1.4864
0.164096
-0.101286
-0.0229681
-1.62455
1.48495
-0.259288
-0.0782759
0.104354
1.2425
1.48794
0.161028
-0.101286
-0.0214341
-1.62301
1.48649
-0.257754
-0.0782759
0.104354
1.2425
1.48794
0.15796
-0.101286
-0.0199001
-1.62148
1.48802
-0.257754
-0.0782759
0.104354
1.2425
1.48947
0.154892
-0.101286
-0.0168321
-1.61995
1.48956
-0.25622
-0.0782759
0.104354
1.2425
1.48947
0.15029
-0.0997519
-0.0152981
-1.61841
1.48956
-0.254686
-0.0782759
0.104354
1.2425
1.48947
0.147222
-0.101286
-0.0137641
-1.61688
1.49109
-0.253152
-0.0782759
0.104354
1.2425
1.49101
0.14262
-0.0997519
-0.0122299
-1.61534
1.49262
-0.250084
-0.0782759
0.104354
1.2425
1.49407
0.139552
-0.101286
-0.0106959
-1.61381
1.49416
-0.24855
-0.0782759
0.104354
1.2425
1.49714
0.136484
-0.101286
-0.0106959
-1.61228
1.49569
-0.245482
-0.0782759
0.104354
1.2425
1.50021
0.131882
-0.101286
-0.00916195
-1.61074
1.49723
-0.243948
-0.0782759
0.104354
1.2425
1.50328
0.12728
-0.0997519
-0.00916195
-1.60921
1.49876
-0.242414
-0.0782759
0.104354
1.2425
1.50635
0.124212
-0.101286
-0.00916195
-1.60767
1.50029
-0.242414
-0.0782759
0.104354
1.2425
1.50941
0.11961
-0.0997519
-0.00916195
-1.60614
1.50183
-0.24088
-0.0782759
0.104354
1.2425
1.51248
0.116542
-0.101286
-0.00916195
-1.60461
1.50183
-0.239346
-0.0782759
0.104354
1.2425
1.51708
0.113474
-0.101286
-0.00762796
-1.60307
1.50336
-0.237812
-0.0782759
0.104354
1.2425
1.52015
0.110406
-0.101286
-0.00762796
-1.60154
1.5049
-0.236278
-0.0782759
0.104354
1.2425
1.52169
0.108872
-0.101286
-0.00762796
-1.6
1.5049
-0.236278
-0.0782759
0.104354
1.2425
1.52322
0.105804
-0.101286
-0.00762796
-1.59694
1.5049
-0.234744
-0.0782759
0.104354
1.2425
1.52475
0.10427
-0.0997519
-0.00762796
-1.5954
1.50643
-0.23321
-0.0782759
0.104354
1.2425
1.52629
0.101202
-0.101286
-0.00762796
-1.59387
1.50643
-0.23321
-0.0782759
0.104354
1.2425
1.52782
0.099668
-0.101286
-0.00762796
-1.59233
1.50643
-0.23321
-0.0782759
0.104354
1.2425
1.52936
0.098134
-0.101286
-0.00762796
-1.58927
1.50796
-0.23321
-0.0782759
0.104354
1.2425
1.53089
0.098134
-0.101286
-0.00762796
-1.58773
1.50796
-0.23321
-0.0782759
0.104354
1.2425
1.53242
0.0966001
-0.101286
-0.00762796
-1.58466
1.50643
-0.23321
-0.0782759
0.104354
1.2425
1.53396
0.0950661
-0.101286
-0.00609398
-1.58313
1.50796
-0.23321
-0.0782759
0.104354
1.2425
1.53703
0.0935321
-0.101286
-0.00609398
-1.57853
1.50796
-0.231676
-0.0782759
0.104354
1.2425
1.53856
0.0904641
-0.0997519
-0.00762796
-1.57699
1.5095
-0.231676
-0.0798099
0.104354
1.2425
1.54163
0.0889301
-0.101286
-0.00609398
-1.57699
1.5095
-0.231676
-0.0798099
0.104354
1.2425
1.54316
0.0858622
-0.0997519
-0.00609398
-1.57699
1.51103
-0.230142
-0.0798099
0.104354
1.2425
1.5447
0.0843279
-0.101286
-0.00609398
-1.57853
1.51103
-0.230142
-0.0798099
0.104354
1.2425
1.5447
0.082794
-0.101286
-0.00609398
-1.58006
1.51103
-0.230142
-0.0798099
0.104354
1.2425
1.54623
0.082794
-0.101286
-0.00609398
-1.58006
1.51103
-0.228608
-0.0798099
0.104354
1.2425
1.54623
0.082794
-0.101286
-0.00609398
-1.58006
1.51103
-0.228608
-0.0798099
0.104354
1.2425
1.5447
0.08126
-0.101286
-0.00609398
-1.58006
1.51103
-0.228608
-0.0813439
0.104354
1.2425
1.54623
0.08126
-0.101286
-0.00609398
-1.58006
1.51103
-0.228608
-0.0813439
0.104354
1.2425
1.54623
0.08126
-0.0997519
-0.00609398
-1.58006
1.51103
-0.228608
-0.0798099
0.104354
1.2425
1.54623
0.08126
-0.0997519
-0.00609398
-1.58006
1.51103
-0.228608
-0.0813439
0.104354
1.2425
1.54623
0.08126
-0.101286
-0.00609398
-1.58006
1.51103
-0.228608
-0.0813439
0.104354
1.2425
1.5447
0.08126
-0.101286
-0.00609398
-1.58006
1.51103
-0.228608
-0.0813439
0.104354
1.2425
1.54623
0.08126
-0.101286
-0.00609398
-1.58006
1.51103
-0.228608
-0.0813439
0.104354
1.2425
1.54623
0.08126
-0.0997519
-0.00609398
-1.58006
1.51103
-0.228608
-0.0813439
0.104354
1.2425
1.54623
0.08126
-0.0997519
-0.00609398
-1.58006
1.51103
-0.228608
-0.0813439
0.104354
1.2425
1.54623
0.08126
-0.101286
-0.00609398
-1.58006
1.51103
-0.228608
-0.0813439
0.104354
1.2425
1.54776
0.08126
-0.0997519
-0.00609398
-1.57853
1.51103
-0.228608
-0.0813439
0.104354
1.2425
1.54776
0.08126
-0.0997519
-0.00609398
-1.58006
1.51103
-0.228608
-0.0813439
0.104354
1.2425
1.54776
0.08126
-0.101286
-0.00609398
-1.58006
1.51103
-0.228608
-0.0813439
0.104354
1.2425
1.54776
0.08126
-0.101286
-0.00609398
-1.58006
1.51103
-0.228608
-0.0828779
0.104354
1.2425
1.54776
0.08126
-0.101286
-0.00609398
-1.58006
1.51103
-0.228608
-0.0813439
0.104354
1.2425
1.54776
0.08126
-0.101286
-0.00609398
-1.57853
1.51103
-0.228608
-0.0828779
0.104354
1.2425
1.54776
0.08126
-0.101286
-0.00609398
-1.58006
1.51103
-0.228608
-0.0828779
0.104354
1.2425
1.54776
0.08126
-0.101286
-0.00609398
-1.58006
1.51257
-0.228608
-0.0828779
0.104354
1.2425
1.54776
0.08126
-0.0997519
-0.00609398
-1.58006
1.51103
-0.228608
-0.0828779
0.104354
1.2425
1.5493
0.08126
-0.101286
-0.00609398
-1.57853
1.51257
-0.228608
-0.0828779
0.104354
1.2425
1.54776
0.08126
-0.101286
-0.00609398
-1.58006
1.51103
-0.228608
-0.0828779
0.104354
1.2425
1.54776
0.08126
-0.0997519
-0.00609398
-1.58006
1.51257
-0.228608
-0.0828779
0.104354
1.2425
1.54776
0.08126
-0.0997519
-0.00609398
-1.58006
1.51257
-0.228608
-0.0828779
0.104354
1.2425
1.54776
0.08126
-0.101286
-0.00609398
-1.58006
1.5141
-0.230142
-0.0828779
0.104354
1.2425
1.5493
0.08126
-0.101286
-0.00609398
-1.58006
1.5141
-0.230142
-0.0828779
0.104354
1.2425
1.5493
0.08126
-0.0997519
-0.00609398
-1.57853
1.5141
-0.228608
-0.0828779
0.104354
1.2425
1.5493
0.08126
-0.101286
-0.00609398
-1.58006
1.5141
-0.228608
-0.0828779
0.104354
1.2425
1.54776
0.08126
-0.0997519
-0.00609398
-1.58006
1.5141
-0.230142
-0.0828779
0.104354
1.2425
1.5493
0.08126
-0.0997519
-0.00609398
-1.58006
1.5141
-0.228608
-0.0828779
0.104354
1.2425
1.54776
0.08126
-0.0997519
-0.00609398
-1.58006
1.5141
-0.230142
-0.0844119
0.104354
1.2425
1.5493
0.08126
-0.101286
-0.00609398
-1.58006
1.51563
-0.228608
-0.0844119
0.104354
1.2425
1.54776
0.08126
-0.101286
-0.00609398
-1.58006
1.51563
-0.230142
-0.0844119
0.104354
1.2425
1.5493
0.079726
-0.0997519
-0.00609398
-1.58006
1.51563
-0.230142
-0.0844119
0.104354
1.2425
1.5493
0.08126
-0.0997519
-0.00609398
-1.58006
1.51563
-0.230142
-0.0844119
0.104354
1.2425
1.54776
0.08126
-0.0997519
-0.00609398
-1.58006
1.51563
-0.230142
-0.0844119
0.104354
1.2425
1.54776
0.08126
-0.101286
-0.00609398
-1.58006
1.51563
-0.228608
-0.0844119
0.104354
1.2425
1.54776
0.08126
-0.101286
-0.00609398
-1.58006
1.51563
-0.230142
-0.0844119
0.104354
1.2425
1.5493
0.08126
-0.101286
-0.00609398
-1.58006
1.51563
-0.228608
-0.0844119
0.104354
1.2425
1.5493
0.08126
-0.101286
-0.00609398
-1.58006
1.51563
-0.228608
-0.0844119
0.104354
1.2425
1.5493
0.08126
-0.0997519
-0.00609398
-1.58006
1.51563
-0.230142
-0.0844119
0.104354
1.2425
1.5493
0.08126
-0.101286
-0.00609398
-1.58006
1.51563
-0.228608
-0.0844119
0.104354
1.2425
1.5493
0.08126
-0.0997519
-0.00609398
-1.58006
1.51563
-0.230142
-0.0844119
0.104354
1.2425
1.54776
0.08126
-0.101286
-0.00609398
-1.58006
1.51563
-0.228608
-0.0844119
0.104354
1.2425
1.54776
0.08126
-0.101286
-0.00609398
-1.58006
1.51563
-0.230142
-0.0844119
0.104354
1.2425
1.54776
0.08126
-0.0997519
-0.00609398
-1.58006
1.51563
-0.230142
-0.0844119
0.104354
1.2425
1.54776
0.08126
-0.101286
-0.00609398
-1.58006
1.51563
-0.228608
-0.0844119
0.104354
1.2425
1.5493
0.08126
-0.101286
-0.00609398
-1.58006
1.51563
-0.228608
-0.0859461
0.104354
1.2425
1.54776
0.08126
-0.0997519
-0.00609398
-1.58006
1.51563
-0.230142
-0.0859461
0.104354
1.2425
1.5493
0.079726
-0.0997519
-0.00609398
-1.58006
1.51563
-0.228608
-0.0859461
0.104354
1.2425
1.54776
0.08126
-0.101286
-0.00609398
-1.58006
1.51563
-0.228608
-0.0859461
0.104354
1.2425
1.5493
0.08126
-0.101286
-0.00609398
-1.58006
1.51563
-0.230142
-0.0859461
0.104354
1.2425
1.54776
0.079726
-0.101286
-0.00609398
-1.58006
1.51563
-0.230142
-0.0859461
0.104354
1.2425
1.54776
0.08126
-0.0997519
-0.00609398
-1.58006
1.51563
-0.230142
-0.0859461
0.104354
1.2425
1.54776
0.08126
-0.101286
-0.00609398
-1.58006
1.51563
-0.230142
-0.0859461
0.104354
1.2425
1.54776
0.08126
-0.0997519
-0.00609398
-1.58006
1.51563
-0.230142
-0.0859461
0.104354
1.2425
1.54776
0.08126
-0.101286
-0.00609398
-1.58006
1.51563
-0.230142
-0.0859461
0.104354
1.2425
1.5493
0.08126
-0.101286
-0.00609398
-1.58006
1.51563
-0.230142
-0.0859461
0.104354
1.2425
1.54776
0.08126
-0.101286
-0.00609398
-1.58006
1.51563
-0.230142
-0.0859461
0.104354
1.2425
1.54776
0.08126
-0.0997519
-0.00609398
-1.58006
1.51563
-0.230142
-0.0859461
0.104354
1.2425
1.54776
0.08126
-0.0997519
-0.00609398
-1.58006
1.51563
-0.230142
-0.0859461
0.104354
1.2425
1.54776
0.08126
-0.101286
-0.00609398
-1.58006
1.51563
-0.230142
-0.0874801
0.104354
1.2425
1.5493
0.08126
-0.101286
-0.00609398
-1.58006
1.51563
-0.230142
-0.0859461
0.104354
1.2425
1.54776
0.08126
-0.101286
-0.00609398
-1.58006
1.51563
-0.230142
-0.0874801
0.104354
1.2425
1.5493
0.08126
-0.101286
-0.00609398
-1.58006
1.51563
-0.230142
-0.0874801
0.104354
1.2425
1.54776
0.08126
-0.101286
-0.00609398
-1.58006
1.51563
-0.230142
-0.0874801
0.104354
1.2425
1.54776
0.08126
-0.101286
-0.00609398
-1.58006
1.51563
-0.230142
-0.0874801
0.104354
1.2425
1.5493
0.08126
-0.0997519
-0.00609398
-1.58006
1.51563
-0.230142
-0.0874801
0.104354
1.2425
1.54776
0.08126
-0.0997519
-0.00609398
-1.58006
1.51563
-0.231676
-0.0890141
0.104354
1.2425
1.5493
0.08126
-0.101286
-0.00609398
-1.58006
1.51563
-0.231676
-0.0890141
0.104354
1.2425
1.54776
0.08126
-0.101286
-0.00609398
-1.58006
1.51563
-0.231676
-0.0890141
0.104354
1.2425
1.5493
0.079726
-0.0997519
-0.00609398
-1.58006
1.51563
-0.230142
-0.0890141
0.104354
1.2425
1.5493
0.08126
-0.0997519
-0.00609398
-1.58006
1.51563
-0.230142
-0.090548
0.104354
1.2425
1.5493
0.079726
-0.101286
-0.00609398
-1.58006
1.51563
-0.230142
-0.090548
0.104354
1.2425
1.54776
0.079726
-0.0997519
-0.00609398
-1.58006
1.51563
-0.230142
-0.090548
0.104354
1.2425
1.54776
0.079726
-0.0997519
-0.00609398
-1.57853
1.51563
-0.230142
-0.090548
0.104354
1.2425
1.54776
0.079726
-0.101286
-0.00609398
-1.57853
1.51563
-0.230142
-0.090548
0.104354
1.2425
1.5493
0.079726
-0.0997519
-0.00609398
-1.58006
1.51563
-0.230142
-0.090548
0.104354
1.2425
1.54776
0.079726
-0.101286
-0.00609398
-1.57853
1.51563
-0.230142
-0.090548
0.104354
1.2425
1.54776
0.079726
-0.0997519
-0.00609398
-1.58006
1.51563
-0.230142
-0.090548
0.104354
1.2425
1.54776
0.079726
-0.0997519
-0.00609398
-1.58006
1.51563
-0.230142
-0.090548
0.104354
1.2425
1.54776
0.079726
-0.0997519
-0.00609398
-1.58006
1.51563
-0.230142
-0.090548
0.104354
1.2425
1.5493
0.079726
-0.0997519
-0.00762796
-1.58006
1.51563
-0.230142
-0.090548
0.104354
1.2425
1.5493
0.078192
-0.0997519
-0.00609398
-1.58006
1.51563
-0.230142
-0.090548
0.104354
1.2425
1.54776
0.079726
-0.0997519
-0.00609398
-1.57853
1.51563
-0.230142
-0.092082
0.104354
1.2425
1.54776
0.079726
-0.0997519
-0.00609398
-1.58006
1.51563
-0.230142
-0.092082
0.104354
1.2425
1.54776
0.079726
-0.0997519
-0.00762796
-1.58006
1.51563
-0.230142
-0.092082
0.104354
1.2425
1.54776
0.079726
-0.0997519
-0.00762796
-1.57853
1.51563
-0.230142
-0.092082
0.104354
1.2425
1.54776
0.079726
-0.0997519
-0.00609398
-1.58006
1.51563
-0.230142
-0.092082
0.104354
1.2425
1.5493
0.079726
-0.0997519
-0.00762796
-1.58006
1.51563
-0.230142
-0.092082
0.104354
1.2425
1.54776
0.08126
-0.0997519
-0.00609398
-1.58006
1.51563
-0.230142
-0.092082
0.104354
1.2425
1.54776
0.08126
-0.0997519
-0.00609398
-1.58006
1.51563
-0.230142
-0.092082
0.104354
1.2425
1.5493
0.082794
-0.0997519
-0.00609398
-1.57853
1.51563
-0.230142
-0.093616
0.104354
1.2425
1.5493
0.0858622
-0.0997519
-0.00762796
-1.57853
1.51563
-0.230142
-0.093616
0.104354
1.2425
1.5493
0.0858622
-0.0997519
-0.00762796
-1.58006
1.51563
-0.230142
-0.093616
0.104354
1.2425
1.54776
0.0889301
-0.0997519
-0.00762796
-1.58006
1.51563
-0.230142
-0.093616
0.104354
1.2425
1.54776
0.0904641
-0.0997519
-0.00762796
-1.58006
1.51563
-0.230142
-0.093616
0.104354
1.2425
1.54776
0.0919981
-0.0997519
-0.00609398
-1.58006
1.51563
-0.230142
-0.093616
0.104354
1.2425
1.54776
0.0919981
-0.0997519
-0.00762796
-1.58006
1.51563
-0.230142
-0.09515
0.104354
1.2425
1.54776
0.0935321
-0.0997519
-0.00762796
-1.57853
1.51563
-0.230142
-0.09515
0.104354
1.2425
1.54776
0.0935321
-0.0997519
-0.00762796
-1.58006
1.51563
-0.230142
-0.09515
0.104354
1.2425
1.54776
0.0950661
-0.0997519
-0.00762796
-1.57853
1.51563
-0.230142
-0.09515
0.104354
1.2425
1.54776
0.0950661
-0.0997519
-0.00762796
-1.57853
1.51563
-0.228608
-0.09515
0.104354
1.2425
1.54776
0.0966001
-0.0997519
-0.00762796
-1.58006
1.51563
-0.228608
-0.096684
0.104354
1.2425
1.54776
0.098134
-0.0997519
-0.00762796
-1.58006
1.51563
-0.227074
-0.098218
0.104354
1.2425
1.54776
0.099668
-0.0997519
-0.00762796
-1.58006
1.51563
-0.227074
-0.098218
0.104354
1.2425
1.54776
0.102736
-0.0997519
-0.00762796
-1.58006
1.51563
-0.227074
-0.0997519
0.104354
1.2425
1.54776
0.10427
-0.0997519
-0.00762796
-1.58006
1.51563
-0.227074
-0.101286
0.104354
1.2425
1.54776
0.105804
-0.0997519
-0.00762796
-1.58006
1.51563
-0.228608
-0.10282
0.104354
1.2425
1.54776
0.105804
-0.0997519
-0.00762796
-1.58006
1.51563
-0.227074
-0.10282
0.104354
1.2425
1.54776
0.105804
-0.0997519
-0.00762796
-1.58006
1.51563
-0.227074
-0.10282
0.10282
1.2425
1.54776
0.105804
-0.0997519
-0.00762796
-1.58006
1.51563
-0.227074
-0.104354
0.104354
1.2425
1.54776
0.107338
-0.0997519
-0.00762796
-1.58006
1.51563
-0.227074
-0.104354
0.104354
1.2425
1.54776
0.107338
-0.0997519
-0.00762796
-1.58006
1.51563
-0.227074
-0.105888
0.104354
1.2425
1.54776
0.107338
-0.0997519
-0.00762796
-1.58006
1.51563
-0.227074
-0.105888
0.104354
1.2425
1.54776
0.107338
-0.0997519
-0.00762796
-1.58006
1.51563
-0.227074
-0.105888
0.104354
1.2425
1.54776
0.107338
-0.0997519
-0.00916195
-1.58006
1.51563
-0.227074
-0.107422
0.10282
1.2425
1.54776
0.105804
-0.0997519
-0.00762796
-1.58006
1.51563
-0.228608
-0.108956
0.104354
1.2425
1.54776
0.105804
-0.0997519
-0.00916195
-1.58006
1.51563
-0.227074
-0.108956
0.104354
1.2425
1.54776
0.10427
-0.0997519
-0.00762796
-1.58006
1.51563
-0.228608
-0.11049
0.104354
1.2425
1.54776
0.102736
-0.0997519
-0.00916195
-1.58006
1.51563
-0.228608
-0.11049
0.104354
1.2425
1.54776
0.101202
-0.0997519
-0.00916195
-1.58006
1.51563
-0.227074
-0.11049
0.104354
1.2425
1.54776
0.099668
-0.0997519
-0.00916195
-1.58006
1.51563
-0.227074
-0.112024
0.104354
1.2425
1.54776
0.098134
-0.0997519
-0.00916195
-1.58006
1.51563
-0.22554
-0.112024
0.104354
1.2425
1.54776
0.098134
-0.0997519
-0.00916195
-1.58006
1.51563
-0.224006
-0.112024
0.104354
1.2425
1.54776
0.0950661
-0.0997519
-0.00916195
-1.58006
1.51563
-0.222472
-0.112024
0.104354
1.2425
1.54776
0.0950661
-0.0997519
-0.00916195
-1.58006
1.51563
-0.220938
-0.112024
0.104354
1.2425
1.54776
0.0935321
-0.0997519
-0.00916195
-1.58006
1.51563
-0.220938
-0.112024
0.104354
1.2425
1.54776
0.0919981
-0.0997519
-0.00916195
-1.58006
1.51563
-0.219404
-0.112024
0.104354
1.2425
1.54776
0.0919981
-0.0997519
-0.00916195
-1.58006
1.51563
-0.21787
-0.112024
0.104354
1.2425
1.54776
0.0919981
-0.0997519
-0.00916195
-1.58006
1.51563
-0.216336
-0.112024
0.104354
1.2425
1.54776
0.0904641
-0.0997519
-0.00916195
-1.58006
1.51563
-0.214802
-0.112024
0.104354
1.2425
1.54776
0.0904641
-0.0997519
-0.00916195
-1.58006
1.51563
-0.214802
-0.112024
0.104354
1.2425
1.54776
0.0889301
-0.0997519
-0.00916195
-1.58006
1.51563
-0.213268
-0.112024
0.104354
1.2425
1.54776
0.0889301
-0.0997519
-0.00916195
-1.57853
1.51563
-0.2102
-0.112024
0.104354
1.2425
1.54776
0.0889301
-0.0997519
-0.00916195
-1.57853
1.51563
-0.207132
-0.112024
0.104354
1.2425
1.54776
0.0889301
-0.0997519
-0.00916195
-1.57853
1.51563
-0.204064
-0.112024
0.104354
1.2425
1.54776
0.0889301
-0.0997519
-0.00916195
-1.57853
1.51563
-0.20253
-0.112024
0.104354
1.2425
1.54776
0.0889301
-0.0997519
-0.00916195
-1.57853
1.51563
-0.199462
-0.112024
0.104354
1.2425
1.54776
0.0889301
-0.0997519
-0.00916195
-1.57699
1.51563
-0.196394
-0.112024
0.104354
1.2425
1.54776
0.0889301
-0.0997519
-0.00916195
-1.57853
1.51563
-0.19486
-0.112024
0.104354
1.2425
1.54776
0.0889301
-0.0997519
-0.00916195
-1.57853
1.51563
-0.191792
-0.112024
0.104354
1.2425
1.54776
0.0889301
-0.0997519
-0.00916195
-1.57853
1.51563
-0.190258
-0.112024
0.104354
1.2425
1.54776
0.0889301
-0.0997519
-0.00916195
-1.57853
1.51563
-0.190258
-0.112024
0.104354
1.2425
1.54776
0.0889301
-0.0997519
-0.00916195
-1.57853
1.51563
-0.188724
-0.112024
0.104354
1.2425
1.54776
0.0889301
-0.0997519
-0.00916195
-1.57853
1.51563
-0.185656
-0.112024
0.104354
1.2425
1.54776
0.0889301
-0.0997519
-0.00916195
-1.57853
1.51563
-0.184122
-0.112024
0.104354
1.2425
1.54776
0.0889301
-0.0997519
-0.00916195
-1.57699
1.51563
-0.182588
-0.112024
0.104354
1.2425
1.5493
0.0889301
-0.0997519
-0.00916195
-1.57853
1.51563
-0.17952
-0.112024
0.104354
1.2425
1.54776
0.0889301
-0.0997519
-0.00916195
-1.57699
1.51563
-0.177986
-0.112024
0.104354
1.2425
1.54776
0.0889301
-0.0997519
-0.00916195
-1.57853
1.51563
-0.176452
-0.112024
0.104354
1.2425
1.5493
0.0889301
-0.0997519
-0.00916195
-1.57853
1.51563
-0.174918
-0.112024
0.104354
1.2425
1.54776
0.0889301
-0.0997519
-0.00916195
-1.57853
1.51563
-0.173384
-0.112024
0.104354
1.2425
1.54776
0.0873961
-0.0997519
-0.00916195
-1.57853
1.51563
-0.17185
-0.112024
0.104354
1.2425
1.54776
0.0873961
-0.0997519
-0.0106959
-1.57853
1.51563
-0.168782
-0.112024
0.104354
1.2425
1.54776
0.0873961
-0.0997519
-0.0106959
-1.57699
1.51563
-0.167248
-0.112024
0.104354
1.2425
1.54776
0.0873961
-0.0997519
-0.00916195
-1.57853
1.51563
-0.165714
-0.112024
0.104354
1.2425
1.54776
0.0873961
-0.0997519
-0.0106959
-1.57699
1.51563
-0.16418
-0.112024
0.104354
1.2425
1.54776
0.0873961
-0.0997519
-0.00916195
-1.57853
1.51563
-0.16418
-0.112024
0.104354
1.2425
1.54776
0.0873961
-0.0997519
-0.0106959
-1.57853
1.51563
-0.162646
-0.112024
0.104354
1.2425
1.54776
0.0873961
-0.0997519
-0.0106959
-1.57853
1.51563
-0.162646
-0.112024
0.104354
1.2425
1.54776
0.0873961
-0.0997519
-0.0106959
-1.57853
1.51563
-0.161112
-0.112024
0.104354
1.2425
1.54776
0.0873961
-0.0997519
-0.0106959
-1.57853
1.51563
-0.159578
-0.112024
0.104354
1.2425
1.54776
0.0873961
-0.0997519
-0.00916195
-1.57853
1.51563
-0.159578
-0.112024
0.104354
1.2425
1.54776
0.0873961
-0.098218
-0.0106959
-1.57699
1.51563
-0.158044
-0.112024
0.104354
1.2425
1.54776
0.0873961
-0.0997519
-0.0106959
-1.57853
1.51563
-0.158044
-0.112024
0.104354
1.2425
1.54776
0.0873961
-0.0997519
-0.0106959
-1.57853
1.51563
-0.158044
-0.112024
0.104354
1.2425
1.54776
0.0873961
-0.0997519
-0.0106959
-1.57853
1.51563
-0.158044
-0.112024
0.104354
1.2425
1.54776
0.0873961
-0.0997519
-0.0106959
-1.57699
1.51563
-0.158044
-0.112024
0.104354
1.2425
1.54776
0.0873961
-0.098218
-0.0106959
-1.57853
1.51563
-0.158044
-0.112024
0.104354
1.2425
1.5493
0.0873961
-0.0997519
-0.0106959
-1.57853
1.51563
-0.158044
-0.112024
0.104354
1.2425
1.54776
0.0873961
-0.0997519
-0.0106959
-1.57853
1.51563
-0.158044
-0.112024
0.104354
1.2425
1.54776
0.0873961
-0.0997519
-0.00916195
-1.57699
1.51563
-0.15651
-0.112024
0.104354
1.2425
1.54776
0.0873961
-0.0997519
-0.0106959
-1.57699
1.51563
-0.15651
-0.112024
0.104354
1.2425
1.54776
0.0873961
-0.0997519
-0.0106959
-1.57853
1.51563
-0.15651
-0.112024
0.104354
1.2425
1.54776
0.0873961
-0.098218
-0.0106959
-1.57699
1.51563
-0.15651
-0.112024
0.104354
1.2425
1.54776
0.0873961
-0.0997519
-0.0106959
-1.57699
1.51563
-0.15651
-0.112024
0.104354
1.2425
1.54776
0.0873961
-0.098218
-0.0106959
-1.57853
1.51563
-0.15651
-0.112024
0.104354
1.2425
1.54776
0.0873961
-0.098218
-0.0106959
-1.57853
1.51563
-0.15651
-0.112024
0.104354
1.2425
1.54776
0.0873961
-0.0997519
-0.0106959
-1.57699
1.51563
-0.15651
-0.112024
0.104354
1.2425
1.54776
0.0873961
-0.0997519
-0.0106959
-1.57853
1.51563
-0.15651
-0.112024
0.104354
1.2425
1.54776
0.0873961
-0.098218
-0.0106959
-1.57853
1.51563
-0.15651
-0.112024
0.104354
1.2425
1.54776
0.0873961
-0.0997519
-0.0106959
-1.57853
1.51563
-0.15651
-0.112024
0.104354
1.2425
1.54776
0.0873961
-0.098218
-0.0106959
-1.57699
1.51563
-0.15651
-0.112024
0.104354
1.2425
1.5493
0.0873961
-0.0997519
-0.0106959
-1.57853
1.51563
-0.15651
-0.112024
0.104354
1.2425
1.54776
0.0873961
-0.0997519
-0.0106959
-1.57853
1.51563
-0.15651
-0.112024
0.104354
1.2425
1.54776
0.0873961
-0.0997519
-0.0106959
-1.57853
1.51563
-0.15651
-0.112024
0.104354
1.2425
1.54776
0.0873961
-0.098218
-0.0106959
-1.57853
1.51563
-0.15651
-0.112024
0.104354
1.2425
1.54776
0.0873961
-0.0997519
-0.00916195
-1.57853
1.51563
-0.15651
-0.112024
0.104354
1.2425
1.54776
0.0873961
-0.0997519
-0.0106959
-1.57853
1.5141
-0.15651
-0.112024
0.104354
1.2425
1.5493
0.0873961
-0.098218
-0.00916195
-1.57853
1.51563
-0.15651
-0.112024
0.104354
1.2425
1.5493
0.0873961
-0.0997519
-0.0106959
-1.57853
1.51563
-0.15651
-0.112024
0.104354
1.2425
1.54776
0.0873961
-0.0997519
-0.0106959
-1.57853
1.51563
-0.15651
-0.112024
0.104354
1.2425
1.54776
0.0873961
-0.098218
-0.0106959
-1.57853
1.51563
-0.15651
-0.112024
0.104354
1.2425
1.5493
0.0873961
-0.0997519
-0.0106959
-1.57853
1.51563
-0.158044
-0.112024
0.104354
1.2425
1.54776
0.0858622
-0.0997519
-0.0106959
-1.57853
1.51563
-0.158044
-0.112024
0.104354
1.2425
1.54776
0.0858622
-0.098218
-0.0106959
-1.57699
1.51563
-0.15651
-0.112024
0.104354
1.2425
1.54776
0.0858622
-0.098218
-0.0106959
-1.57699
1.51563
-0.158044
-0.112024
0.104354
1.2425
1.54776
0.0858622
-0.098218
-0.0106959
-1.57853
1.51563
-0.158044
-0.112024
0.104354
1.2425
1.5493
0.0843279
-0.0997519
-0.0106959
-1.57699
1.51563
-0.158044
-0.112024
0.104354
1.2425
1.54776
0.0843279
-0.0997519
-0.0106959
-1.57699
1.51563
-0.158044
-0.112024
0.104354
1.2425
1.54776
0.0843279
-0.0997519
-0.00916195
-1.57853
1.51563
-0.158044
-0.112024
0.104354
1.2425
1.54776
0.082794
-0.0997519
-0.0106959
-1.57699
1.5141
-0.158044
-0.112024
0.104354
1.2425
1.54776
0.082794
-0.0997519
-0.00916195
-1.57699
1.5141
-0.158044
-0.112024
0.104354
1.2425
1.5493
0.08126
-0.098218
-0.0106959
-1.57853
1.51563
-0.159578
-0.112024
0.104354
1.2425
1.54776
0.082794
-0.098218
-0.0106959
-1.57853
1.5141
-0.159578
-0.112024
0.104354
1.2425
1.5493
0.082794
-0.0997519
-0.0106959
-1.57853
1.51563
-0.159578
-0.112024
0.104354
1.2425
1.54776
0.08126
-0.0997519
-0.00916195
-1.57853
1.51563
-0.159578
-0.112024
0.104354
1.2425
1.54776
0.082794
-0.0997519
-0.0106959
-1.57699
1.5141
-0.159578
-0.112024
0.104354
1.2425
1.54776
0.082794
-0.0997519
-0.0106959
-1.57853
1.51563
-0.159578
-0.112024
0.104354
1.2425
1.54776
0.082794
-0.098218
-0.0106959
-1.57699
1.51563
-0.158044
-0.112024
0.104354
1.2425
1.54776
0.082794
-0.098218
-0.0106959
-1.57699
1.51563
-0.159578
-0.112024
0.104354
1.2425
1.54776
0.08126
-0.0997519
-0.0106959
-1.57853
1.51563
-0.159578
-0.112024
0.104354
1.2425
1.54776
0.082794
-0.0997519
-0.00916195
-1.57853
1.51563
-0.159578
-0.112024
0.104354
1.2425
1.5493
0.08126
-0.0997519
-0.0106959
-1.57699
1.51563
-0.158044
-0.112024
0.104354
1.2425
1.5493
0.082794
-0.098218
-0.0106959
-1.57699
1.51563
-0.158044
-0.112024
0.104354
1.2425
1.54776
0.082794
-0.0997519
-0.0106959
-1.57853
1.51563
-0.15651
-0.112024
0.104354
1.2425
1.54776
0.08126
-0.098218
-0.0106959
-1.57853
1.51563
-0.154976
-0.112024
0.104354
1.2425
1.5493
0.08126
-0.0997519
-0.0106959
-1.57853
1.51563
-0.153442
-0.112024
0.104354
1.2425
1.54776
0.08126
-0.0997519
-0.0106959
-1.57853
1.51563
-0.151908
-0.112024
0.104354
1.2425
1.54776
0.08126
-0.098218
-0.0106959
-1.57853
1.51563
-0.150374
-0.11049
0.104354
1.2425
1.54776
0.08126
-0.0997519
-0.0106959
-1.57699
1.51563
-0.147306
-0.107422
0.104354
1.24403
1.5493
0.08126
-0.0997519
-0.0106959
-1.57853
1.51563
-0.144238
-0.107422
0.104354
1.2471
1.54776
0.08126
-0.0997519
-0.0106959
-1.57853
1.51563
-0.14117
-0.107422
0.104354
1.2471
1.54776
0.08126
-0.0997519
-0.0106959
-1.57699
1.51717
-0.139636
-0.107422
0.104354
1.24557
1.54776
0.08126
-0.0997519
-0.00916195
-1.57699
1.51717
-0.139636
-0.107422
0.10282
1.2471
1.54776
0.08126
-0.0997519
-0.00916195
-1.57853
1.51717
-0.139636
-0.107422
0.10282
1.24557