1.66435
0.21932
0.099668
-0.0628521
-1.53711
1.70892
-0.107422
0.133416
0.04146
1.45112
1.65821
0.220854
0.099668
-0.0628521
-1.53711
1.70892
-0.105888
0.133416
0.04146
1.45112
1.65208
0.220854
0.099668
-0.0628521
-1.53711
1.70892
-0.107422
0.133416
0.04146
1.45112
1.64441
0.222388
0.099668
-0.0643861
-1.53711
1.70892
-0.107422
0.133416
0.04146
1.45112
1.63674
0.223922
0.099668
-0.0659201
-1.53711
1.70892
-0.107422
0.133416
0.04146
1.45112
1.62907
0.22699
0.099668
-0.0674541
-1.53711
1.70892
-0.107422
0.133416
0.04146
1.45112
1.6214
0.230058
0.101202
-0.0674541
-1.53711
1.70892
-0.107422
0.133416
0.04146
1.45112
1.61219
0.231592
0.101202
-0.0705221
-1.53711
1.70892
-0.107422
0.133416
0.04146
1.45112
1.60299
0.23466
0.102736
-0.0720561
-1.53711
1.70892
-0.107422
0.133416
0.04146
1.45112
1.59378
0.236194
0.102736
-0.07359
-1.53711
1.70892
-0.107422
0.133416
0.04146
1.45112
1.58305
0.237728
0.102736
-0.075124
-1.53711
1.70892
-0.107422
0.133416
0.04146
1.45112
1.57231
0.239262
0.10427
-0.076658
-1.53711
1.70892
-0.107422
0.133416
0.04146
1.45112
1.56157
0.24233
0.105804
-0.078192
-1.53711
1.70738
-0.107422
0.133416
0.04146
1.45112
1.54316
0.243864
0.107338
-0.08126
-1.53711
1.70738
-0.107422
0.133416
0.04146
1.45112
1.52782
0.245398
0.108872
-0.082794
-1.53711
1.70738
-0.107422
0.133416
0.04146
1.45112
1.51095
0.245398
0.110406
-0.0843279
-1.53711
1.70738
-0.107422
0.133416
0.04146
1.45112
1.49561
0.243864
0.113474
-0.0858622
-1.53711
1.70738
-0.107422
0.133416
0.04146
1.45112
1.47873
0.245398
0.116542
-0.0873961
-1.53558
1.70738
-0.107422
0.133416
0.04146
1.45112
1.46186
0.243864
0.118076
-0.0889301
-1.53558
1.70738
-0.107422
0.133416
0.04146
1.45112
1.44805
0.245398
0.121144
-0.0904641
-1.53558
1.70738
-0.107422
0.133416
0.04146
1.45112
1.43425
0.245398
0.124212
-0.0904641
-1.53404
1.70738
-0.107422
0.133416
0.04146
1.45112
1.42044
0.245398
0.12728
-0.0919981
-1.53404
1.70738
-0.107422
0.133416
0.04146
1.45112
1.40664
0.246932
0.131882
-0.0935321
-1.53404
1.70738
-0.107422
0.133416
0.04146
1.45112
1.39743
0.246932
0.13495
-0.0950661
-1.53404
1.70738
-0.107422
0.133416
0.04146
1.45112
1.38516
0.248466
0.136484
-0.0950661
-1.53404
1.70738
-0.107422
0.133416
0.04146
1.45112
1.37289
0.25
0.139552
-0.0966001
-1.53404
1.70585
-0.108956
0.133416
0.04146
1.45112
1.35448
0.251534
0.144154
-0.098134
-1.53404
1.70432
-0.107422
0.133416
0.04146
1.45112
1.33761
0.251534
0.148756
-0.098134
-1.53404
1.70432
-0.107422
0.133416
0.04146
1.45112
1.3238
0.253068
0.153358
-0.101202
-1.53404
1.70432
-0.108956
0.133416
0.04146
1.45112
1.30846
0.253068
0.159494
-0.101202
-1.52791
1.70278
-0.108956
0.133416
0.04146
1.45112
1.28852
0.256136
0.167164
-0.105804
-1.5233
1.70432
-0.107422
0.133416
0.04146
1.45112
1.27011
0.25767
0.1733
-0.108872
-1.52024
1.70278
-0.108956
0.133416
0.04146
1.45112
1.2517
0.25767
0.18097
-0.110406
-1.52024
1.70278
-0.108956
0.133416
0.04146
1.45112
1.23483
0.25767
0.187106
-0.113474
-1.51717
1.70278
-0.108956
0.133416
0.04146
1.45112
1.21489
0.25767
0.193242
-0.115008
-1.51563
1.70278
-0.107422
0.133416
0.04146
1.45112
1.19648
0.25767
0.200912
-0.118076
-1.51563
1.70278
-0.108956
0.133416
0.04146
1.45112
1.17807
0.25767
0.210116
-0.11961
-1.5141
1.70278
-0.108956
0.133416
0.04146
1.45112
1.1612
0.25767
0.216252
-0.121144
-1.51257
1.70278
-0.108956
0.133416
0.04146
1.45112
1.14432
0.25767
0.223922
-0.124212
-1.51257
1.70278
-0.108956
0.133416
0.04146
1.45112
1.12745
0.260738
0.231592
-0.12728
-1.5095
1.70278
-0.107422
0.133416
0.04146
1.45112
1.11057
0.263806
0.240796
-0.128814
-1.5049
1.70125
-0.107422
0.133416
0.04146
1.45112
1.09523
0.26534
0.25
-0.131882
-1.50183
1.70125
-0.108956
0.133416
0.04146
1.45112
1.07683
0.268408
0.25767
-0.136484
-1.49723
1.70125
-0.108956
0.133416
0.04146
1.45112
1.06149
0.271476
0.268408
-0.139552
-1.49569
1.69971
-0.108956
0.133416
0.04146
1.45112
1.04308
0.276078
0.279146
-0.144154
-1.49262
1.69971
-0.108956
0.133416
0.04146
1.45112
1.0262
0.279146
0.291418
-0.148756
-1.48956
1.69971
-0.108956
0.133416
0.04146
1.45112
1.0078
0.282214
0.30369
-0.153358
-1.48802
1.69971
-0.108956
0.133416
0.04146
1.45112
0.992456
0.282214
0.320564
-0.161028
-1.48649
1.69971
-0.108956
0.133416
0.04146
1.45112
0.972514
0.286816
0.351244
-0.1733
-1.48649
1.69818
-0.108956
0.133416
0.04146
1.45112
0.949504
0.294486
0.397264
-0.194776
-1.48649
1.69971
-0.108956
0.133416
0.04146
1.45112
0.929562
0.305224
0.446352
-0.216252
-1.48649
1.69818
-0.108956
0.133416
0.04146
1.45112
0.90195
0.317496
0.501576
-0.24233
-1.48649
1.69971
-0.108956
0.133416
0.04146
1.45112
0.875872
0.329768
0.553732
-0.269942
-1.48649
1.69818
-0.108956
0.133416
0.04146
1.45112
0.84826
0.345108
0.605888
-0.302156
-1.48649
1.69818
-0.108956
0.133416
0.04146
1.45112
0.820648
0.358914
0.654976
-0.33437
-1.48649
1.69818
-0.108956
0.133416
0.04146
1.45112
0.791502
0.375788
0.705598
-0.369652
-1.48649
1.69818
-0.108956
0.133416
0.04146
1.45112
0.765424
0.391128
0.745482
-0.404934
-1.48649
1.69971
-0.108956
0.133416
0.04146
1.45112
0.73321
0.406468
0.791502
-0.447886
-1.48649
1.69971
-0.108956
0.133416
0.04146
1.45112
0.707132
0.420274
0.828318
-0.48777
-1.48649
1.69818
-0.108956
0.133416
0.04146
1.45112
0.677986
0.435614
0.8636
-0.535324
-1.48649
1.69818
-0.108956
0.133416
0.04146
1.45112
0.653442
0.447886
0.89428
-0.578276
-1.48649
1.69971
-0.108956
0.133416
0.04146
1.45112
0.62583
0.460158
0.928028
-0.624296
-1.48649
1.69971
-0.108956
0.133416
0.04146
1.45112
0.604354
0.469362
0.954106
-0.661112
-1.48649
1.69971
-0.108956
0.133416
0.04146
1.45112
0.581344
0.477032
0.983252
-0.696394
-1.48649
1.69971
-0.108956
0.133416
0.04146
1.45112
0.559868
0.4801
1.01086
-0.728608
-1.48802
1.69971
-0.108956
0.133416
0.04146
1.45112
0.536858
0.483168
1.04308
-0.762356
-1.48802
1.69818
-0.108956
0.133416
0.04146
1.45112
0.515382
0.483168
1.07069
-0.793036
-1.48802
1.69971
-0.108956
0.133416
0.04146
1.45112
0.493906
0.483168
1.10444
-0.831386
-1.49109
1.69971
-0.108956
0.133416
0.04146
1.45112
0.475498
0.483168
1.13052
-0.8636
-1.49569
1.69971
-0.108956
0.133416
0.04146
1.45112
0.458624
0.483168
1.15966
-0.898882
-1.50029
1.69818
-0.108956
0.133416
0.04146
1.45112
0.443284
0.483168
1.18727
-0.931096
-1.50796
1.69818
-0.108956
0.133416
0.04146
1.45112
0.435614
0.483168
1.21182
-0.960242
-1.51563
1.69971
-0.108956
0.133416
0.04146
1.45112
0.427944
0.483168
1.23176
-0.987854
-1.52177
1.69818
-0.108956
0.133416
0.04146
1.45112
0.423342
0.483168
1.2471
-1.0124
-1.52484
1.69971
-0.108956
0.133416
0.04146
1.45112
0.420274
0.483168
1.26397
-1.04001
-1.53097
1.69971
-0.108956
0.133416
0.04146
1.45112
0.415672
0.481634
1.27778
-1.06609
-1.53864
1.69971
-0.108956
0.133416
0.04146
1.45112
0.414138
0.481634
1.28852
-1.09217
-1.54631
1.69818
-0.108956
0.133416
0.04146
1.45112
0.412604
0.481634
1.29772
-1.11211
-1.55552
1.69971
-0.108956
0.133416
0.04146
1.45112
0.41107
0.481634
1.30539
-1.12898
-1.56779
1.69971
-0.108956
0.133416
0.04146
1.45112
0.408002
0.481634
1.31306
-1.13972
-1.57393
1.69818
-0.108956
0.133416
0.04146
1.45112
0.404934
0.477032
1.32533
-1.14892
-1.57546
1.69971
-0.108956
0.133416
0.04146
1.45112
0.4034
0.475498
1.3284
-1.15659
-1.57546
1.69818
-0.108956
0.133416
0.04146
1.45112
0.400332
0.473964
1.32994
-1.16733
-1.57546
1.69818
-0.108956
0.133416
0.04146
1.45112
0.39573
0.473964
1.33147
-1.1796
-1.57546
1.69971
-0.108956
0.133416
0.04146
1.45112
0.39573
0.473964
1.33454
-1.18881
-1.57546
1.69971
-0.108956
0.133416
0.04146
1.45112
0.394196
0.473964
1.33914
-1.19341
-1.57853
1.69818
-0.11049
0.133416
0.04146
1.45112
0.394196
0.47243
1.34374
-1.20108
-1.57853
1.69971
-0.11049
0.133416
0.04146
1.45112
0.394196
0.47243
1.34681
-1.20875
-1.57853
1.69818
-0.11049
0.133416
0.04146
1.45112
0.394196
0.470896
1.34834
-1.21489
-1.58006
1.69818
-0.11049
0.133416
0.04146
1.45112
0.394196
0.469362
1.35141
-1.21795
-1.5816
1.69971
-0.11049
0.133416
0.04146
1.45112
0.394196
0.46476
1.35448
-1.22256
-1.58313
1.69971
-0.11049
0.133416
0.04146
1.45112
0.394196
0.461692
1.35601
-1.22716
-1.58466
1.69971
-0.112024
0.133416
0.04146
1.45112
0.392662
0.458624
1.35755
-1.23483
-1.5862
1.69971
-0.112024
0.133416
0.04146
1.45112
0.389594
0.45709
1.35908
-1.2425
-1.58773
1.69818
-0.113558
0.133416
0.04146
1.45112
0.386526
0.454022
1.36215
-1.25017
-1.58773
1.69971
-0.112024
0.133416
0.04146
1.45112
0.384992
0.450954
1.36675
-1.2563
-1.58927
1.69971
-0.113558
0.133416
0.04146
1.45112
0.381924
0.446352
1.36982
-1.26397
-1.58927
1.69971
-0.113558
0.133416
0.04146
1.45112
0.38039
0.44175
1.37289
-1.27164
-1.58927
1.69818
-0.115092
0.133416
0.04146
1.45112
0.378856
0.437148
1.37596
-1.28085
-1.58773
1.69818
-0.115092
0.133416
0.04146
1.45112
0.377322
0.431012
1.37596
-1.28852
-1.58773
1.69971
-0.115092
0.133416
0.04146
1.45112
0.374254
0.424876
1.37596
-1.29619
-1.58773
1.69971
-0.116626
0.133416
0.04146
1.45112
0.369652
0.417206
1.37749
-1.30386
-1.58773
1.69818
-0.116626
0.133416
0.04146
1.45112
0.363516
0.41107
1.37749
-1.31153
-1.58773
1.69971
-0.11816
0.133416
0.04146
1.45112
0.355846
0.4034
1.38056
-1.3192
-1.58773
1.69971
-0.11816
0.133416
0.04146
1.45112
0.348176
0.397264
1.38363
-1.32687
-1.5862
1.69818
-0.119694
0.133416
0.04146
1.45112
0.340506
0.391128
1.38823
-1.33607
-1.58466
1.69971
-0.121228
0.133416
0.04146
1.45112
0.33437
0.386526
1.39283
-1.34221
-1.5816
1.69971
-0.121228
0.133416
0.04146
1.45112
0.3267
0.381924
1.3959
-1.35141
-1.5816
1.69971
-0.122762
0.133416
0.04146
1.45112
0.31903
0.377322
1.39897
-1.35908
-1.5816
1.69971
-0.122762
0.133416
0.04146
1.45112
0.309826
0.374254
1.40357
-1.36675
-1.5816
1.69971
-0.124296
0.133416
0.04146
1.45112
0.299088
0.369652
1.40817
-1.37289
-1.57853
1.69818
-0.124296
0.133416
0.04146
1.45112
0.283748
0.366584
1.41277
-1.38056
-1.57239
1.69971
-0.12583
0.133416
0.04146
1.45112
0.26534
0.363516
1.42044
-1.38823
-1.56472
1.69818
-0.12583
0.133416
0.04146
1.45112
0.237728
0.354312
1.43271
-1.39743
-1.55398
1.69818
-0.12583
0.133416
0.04146
1.45112
0.207048
0.340506
1.44652
-1.4097
-1.54171
1.69818
-0.12583
0.133416
0.04146
1.45112
0.162562
0.322098
1.48027
-1.43578
-1.53864
1.69971
-0.12583
0.133416
0.04146
1.45112
0.121144
0.299088
1.52169
-1.46493
-1.53864
1.69971
-0.124296
0.133416
0.04146
1.45112
0.076658
0.271476
1.57077
-1.50174
-1.53864
1.69971
-0.124296
0.133416
0.04146
1.45112
0.0367742
0.245398
1.60759
-1.52475
-1.53864
1.69971
-0.124296
0.133416
0.04146
1.45112
0.00609398
0.223922
1.6398
-1.53856
-1.53864
1.69971
-0.124296
0.133416
0.04146
1.45112
-0.021518
0.21165
1.64901
-1.5493
-1.53864
1.69971
-0.124296
0.133416
0.04146
1.45112
-0.0383921
0.207048
1.65054
-1.55237
-1.53711
1.69971
-0.124296
0.133416
0.04146
1.45112
-0.04146
0.197844
1.64901
-1.55237
-1.53558
1.69971
-0.124296
0.133416
0.04146
1.45112
-0.04146
0.193242
1.64901
-1.55237
-1.53558
1.69971
-0.124296
0.133416
0.04146
1.45112
-0.04146
0.191708
1.65054
-1.55237
-1.53558
1.69971
-0.124296
0.133416
0.04146
1.45112
-0.0399261
0.18864
1.65054
-1.55083
-1.53558
1.69971
-0.12583
0.133416
0.04146
1.45112
-0.0399261
0.184038
1.64901
-1.55237
-1.53558
1.69971
-0.124296
0.133416
0.0399261
1.45112
-0.0368581
0.179436
1.64901
-1.55083
-1.53558
1.69971
-0.12583
0.133416
0.04146
1.45112
-0.0353239
0.174834
1.65054
-1.55083
-1.53558
1.69971
-0.124296
0.133416
0.04146
1.45112
-0.0322559
0.170232
1.64901
-1.55083
-1.53558
1.69971
-0.124296
0.133416
0.04146
1.45112
-0.0322559
0.168698
1.65054
-1.55083
-1.53558
1.69971
-0.124296
0.133416
0.04146
1.45112
-0.0307219
0.167164
1.64901
-1.55083
-1.53558
1.69971
-0.124296
0.133416
0.04146
1.45112
-0.0307219
0.164096
1.64901
-1.55083
-1.53558
1.69971
-0.124296
0.133416
0.04146
1.45112
-0.0307219
0.162562
1.64901
-1.55083
-1.53558
1.69971
-0.124296
0.133416
0.04146
1.45112
-0.0307219
0.159494
1.64901
-1.55083
-1.53558
1.70125
-0.124296
0.133416
0.04146
1.45112
-0.0307219
0.15796
1.64901
-1.55083
-1.53558
1.70278
-0.124296
0.133416
0.04146
1.45112
-0.0291879
0.156426
1.64901
-1.55083
-1.53558
1.70585
-0.124296
0.133416
0.04146
1.45112
-0.0276539
0.156426
1.64901
-1.55083
-1.53404
1.70738
-0.122762
0.133416
0.04146
1.45112
-0.0261199
0.154892
1.64901
-1.55083
-1.53251
1.70892
-0.122762
0.133416
0.04146
1.45112
-0.024586
0.153358
1.64901
-1.55237
-1.52944
1.71199
-0.122762
0.133416
0.04146
1.45112
-0.023052
0.151824
1.64901
-1.55083
-1.52637
1.71352
-0.122762
0.133416
0.04146
1.45112
-0.019984
0.15029
1.64901
-1.55237
-1.5233
1.71505
-0.122762
0.133416
0.04146
1.45112
-0.01845
0.15029
1.64901
-1.55237
-1.52024
1.71659
-0.122762
0.133416
0.04146
1.45112
-0.016916
0.15029
1.64901
-1.55237
-1.51563
1.71812
-0.122762
0.133416
0.04146
1.45112
-0.016916
0.15029
1.64901
-1.55237
-1.51257
1.72119
-0.122762
0.133416
0.04146
1.45112
-0.0153821
0.15029
1.64901
-1.55237
-1.5095
1.72272
-0.122762
0.133416
0.04146
1.45112
-0.0153821
0.148756
1.64901
-1.55237
-1.50643
1.72579
-0.121228
0.133416
0.04146
1.45112
-0.0153821
0.145688
1.64901
-1.55237
-1.5049
1.72733
-0.121228
0.133416
0.04146
1.45112
-0.0153821
0.14262
1.64901
-1.5539
-1.50183
1.73039
-0.122762
0.133416
0.04146
1.45112
-0.0153821
0.141086
1.64901
-1.5539
-1.49416
1.73193
-0.121228
0.133416
0.04146
1.45112
-0.0153821
0.138018
1.64901
-1.5539
-1.48035
1.735
-0.121228
0.133416
0.042994
1.45112
-0.0153821
0.139552
1.64901
-1.5539
-1.45734
1.73653
-0.121228
0.133416
0.04146
1.45112
-0.0153821
0.139552
1.64901
-1.5539
-1.442
1.73806
-0.121228
0.133416
0.04146
1.45112
-0.0153821
0.141086
1.64901
-1.5539
-1.43587
1.7396
-0.121228
0.133416
0.04146
1.45112
-0.0153821
0.141086
1.64901
-1.55543
-1.4328
1.74267
-0.121228
0.133416
0.04146
1.45112
-0.0153821
0.139552
1.64901
-1.55543
-1.43126
1.7442
-0.122762
0.133416
0.04146
1.45112
-0.0153821
0.139552
1.64901
-1.55543
-1.43126
1.74573
-0.122762
0.133416
0.04146
1.45112
-0.0153821
0.139552
1.64901
-1.55543
-1.42973
1.74727
-0.121228
0.133416
0.04146
1.45112
-0.0153821
0.139552
1.64901
-1.55543
-1.42973
1.74727
-0.121228
0.133416
0.04146
1.45112
-0.0153821
0.141086
1.64901
-1.55543
-1.42973
1.7488
-0.121228
0.133416
0.04146
1.45112
-0.0138481
0.141086
1.64901
-1.55543
-1.4282
1.7488
-0.121228
0.133416
0.04146
1.45112
-0.0153821
0.141086
1.64901
-1.55543
-1.4282
1.7488
-0.121228
0.133416
0.04146
1.45112
-0.0153821
0.141086
1.64901
-1.55543
-1.4282
1.75034
-0.121228
0.133416
0.04146
1.45112
-0.0153821
0.141086
1.64901
-1.55543
-1.4282
1.75034
-0.121228
0.133416
0.04146
1.45112
-0.0153821
0.139552
1.64901
-1.55543
-1.4282
1.75034
-0.122762
0.133416
0.04146
1.45112
-0.0153821
0.139552
1.64901
-1.55543
-1.4282
1.7488
-0.121228
0.133416
0.04146
1.45112
-0.0153821
0.139552
1.64901
-1.5539
-1.4282
1.75034
-0.122762
0.133416
0.04146
1.45112
-0.0138481
0.139552
1.64901
-1.5539
-1.4282
1.7488
-0.122762
0.133416
0.04146
1.45112
-0.0153821
0.139552
1.64901
-1.5539
-1.4282
1.7488
-0.122762
0.133416
0.04146
1.45112
-0.0153821
0.138018
1.64901
-1.5539
-1.4282
1.7488
-0.122762
0.133416
0.04146
1.45112
-0.0153821
0.136484
1.64901
-1.5539
-1.4282
1.7488
-0.122762
0.133416
0.04146
1.45112
-0.0153821
0.13495
1.64901
-1.5539
-1.4282
1.7488
-0.122762
0.133416
0.04146
1.45112
-0.0153821
0.13495
1.64901
-1.5539
-1.4282
1.75034
-0.122762
0.133416
0.04146
1.45112
-0.0153821
0.13495
1.64901
-1.5539
-1.4282
1.7488
-0.122762
0.133416
0.04146
1.45112
-0.0153821
0.13495
1.64901
-1.5539
-1.4282
1.7488
-0.124296
0.133416
0.04146
1.45112
-0.0153821
0.13495
1.64901
-1.5539
-1.4282
1.7488
-0.124296
0.133416
0.042994
1.45112
-0.0153821
0.13495
1.64901
-1.5539
-1.4282
1.7488
-0.122762
0.133416
0.04146
1.45112
-0.0153821
0.13495
1.64901
-1.5539
-1.4282
1.7488
-0.124296
0.133416
0.042994
1.45112
-0.0153821
0.13495
1.64901
-1.5539
-1.42973
1.7488
-0.124296
0.133416
0.04146
1.45112
-0.0153821
0.136484
1.64901
-1.5539
-1.4282
1.7488
-0.124296
0.133416
0.04146
1.45112
-0.0153821
0.136484
1.64901
-1.5539
-1.42973
1.7488
-0.124296
0.133416
0.04146
1.45112
-0.0153821
0.138018
1.64901
-1.5539
-1.4282
1.7488
-0.122762
0.133416
0.04146
1.45112
-0.0153821
0.138018
1.64901
-1.5539
-1.4282
1.7488
-0.122762
0.133416
0.042994
1.45112
-0.0153821
0.139552
1.64901
-1.5539
-1.42973
1.75034
-0.122762
0.133416
0.04146
1.45112
-0.0153821
0.141086
1.64901
-1.5539
-1.42973
1.7488
-0.122762
0.133416
0.042994
1.45112
-0.0153821
0.144154
1.64901
-1.5539
-1.42973
1.7488
-0.122762
0.133416
0.04146
1.45112
-0.0153821
0.147222
1.64901
-1.5539
-1.42973
1.7488
-0.124296
0.133416
0.04146
1.45112
-0.0153821
0.151824
1.64901
-1.55237
-1.4282
1.7488
-0.124296
0.133416
0.04146
1.45112
-0.0153821
0.156426
1.64901
-1.55237
-1.42973
1.7488
-0.124296
0.133416
0.04146
1.45112
-0.0153821
0.161028
1.64901
-1.55237
-1.4282
1.7488
-0.124296
0.133416
0.04146
1.45112
-0.0153821
0.16563
1.64901
-1.55237
-1.42973
1.7488
-0.122762
0.133416
0.04146
1.45112
-0.0138481
0.168698
1.64901
-1.55237
-1.42973
1.7488
-0.124296
0.133416
0.04146
1.45112
-0.0138481
0.170232
1.64901
-1.5493
-1.42973
1.7488
-0.124296
0.133416
0.04146
1.45112
-0.0123138
0.171766
1.65054
-1.54623
-1.42973
1.7488
-0.124296
0.133416
0.04146
1.45112
-0.00924587
0.171766
1.65054
-1.54316
-1.42973
1.7488
-0.124296
0.133416
0.04146
1.45112
-0.00771189
0.1733
1.65054
-1.54009
-1.42973
1.7488
-0.124296
0.133416
0.04146
1.45112
-0.00310993
0.1733
1.65054
-1.53396
-1.42973
1.7488
-0.124296
0.133416
0.04146
1.45112
-4.19617e-05
0.174834
1.65054
-1.52782
-1.43126
1.7488
-0.12583
0.133416
0.042994
1.45112
0.00455999
0.174834
1.65054
-1.52169
-1.43126
1.7488
-0.12583
0.133416
0.042994
1.45112
0.00916195
0.176368
1.65054
-1.51402
-1.43126
1.7488
-0.124296
0.133416
0.04146
1.45112
0.0137641
0.176368
1.65054
-1.50788
-1.4328
1.7488
-0.12583
0.133416
0.04146
1.45112
0.0199001
0.177902
1.65054
-1.50021
-1.4328
1.7488
-0.12583
0.133416
0.04146
1.45112
0.026036
0.179436
1.65054
-1.49101
-1.4328
1.7488
-0.12583
0.133416
0.04146
1.45112
0.0337059
0.18097
1.65054
-1.4818
-1.4328
1.74573
-0.12583
0.133416
0.04146
1.45112
0.0398421
0.182504
1.65054
-1.47106
-1.43433
1.74573
-0.12583
0.133416
0.04146
1.45112
0.0475121
0.184038
1.65054
-1.46033
-1.43587
1.74267
-0.12583
0.133416
0.04146
1.45112
0.053648
0.184038
1.65054
-1.44499
-1.43433
1.74267
-0.12583
0.133416
0.04146
1.45112
0.0613179
0.184038
1.64901
-1.42965
-1.43433
1.74113
-0.12583
0.133416
0.04146
1.45112
0.0705221
0.184038
1.65054
-1.41277
-1.43433
1.74113
-0.12583
0.133416
0.04146
1.45112
0.078192
0.184038
1.64901
-1.3959
-1.43433
1.7396
-0.12583
0.133416
0.04146
1.45112
0.0889301
0.185572
1.65054
-1.37749
-1.43433
1.7396
-0.12583
0.133416
0.04146
1.45112
0.099668
0.18864
1.64901
-1.35908
-1.43433
1.7396
-0.12583
0.133416
0.04146
1.45112
0.11194
0.190174
1.64901
-1.33761
-1.43433
1.7396
-0.12583
0.133416
0.04146
1.45112
0.12728
0.191708
1.64594
-1.3146
-1.43433
1.73806
-0.12583
0.133416
0.04146
1.45112
0.151824
0.194776
1.64134
-1.29159
-1.43433
1.73806
-0.12583
0.133416
0.04146
1.45112
0.174834
0.199378
1.63213
-1.26551
-1.43433
1.73806
-0.12583
0.133416
0.04146
1.45112
0.200912
0.20398
1.62446
-1.24403
-1.43587
1.73806
-0.12583
0.133416
0.04146
1.45112
0.223922
0.210116
1.61219
-1.21795
-1.43587
1.735
-0.12583
0.133416
0.04146
1.45112
0.245398
0.217786
1.60299
-1.19188
-1.4374
1.735
-0.12583
0.133416
0.04146
1.45112
0.266874
0.225456
1.58918
-1.1612
-1.4374
1.73346
-0.12583
0.133416
0.04146
1.45112
0.291418
0.233126
1.57691
-1.13205
-1.4374
1.73193
-0.12583
0.133416
0.04146
1.45112
0.31136
0.239262
1.5631
-1.10137
-1.4374
1.73039
-0.12583
0.133416
0.04146
1.45112
0.337438
0.245398
1.5493
-1.07069
-1.43587
1.73039
-0.12583
0.133416
0.04146
1.45112
0.360448
0.25
1.53242
-1.04001
-1.43587
1.72886
-0.12583
0.133416
0.04146
1.45112
0.38806
0.256136
1.51555
-1.01086
-1.4374
1.72579
-0.12583
0.133416
0.04146
1.45112
0.41107
0.260738
1.49868
-0.980184
-1.4374
1.72426
-0.12583
0.133416
0.04146
1.45112
0.435614
0.266874
1.48487
-0.952572
-1.4374
1.72119
-0.12583
0.133416
0.04146
1.45112
0.458624
0.27301
1.47106
-0.923426
-1.43587
1.71812
-0.127364
0.133416
0.04146
1.45112
0.484702
0.279146
1.45419
-0.898882
-1.4374
1.71505
-0.12583
0.133416
0.04146
1.45112
0.507712
0.283748
1.43578
-0.87127
-1.4374
1.71505
-0.12583
0.133416
0.04146
1.45112
0.532256
0.28835
1.41737
-0.84826
-1.4374
1.71352
-0.127364
0.133416
0.04146
1.45112
0.553732
0.291418
1.39436
-0.822182
-1.4374
1.71352
-0.127364
0.133416
0.04146
1.45112
0.576742
0.294486
1.37289
-0.799172
-1.4374
1.71352
-0.127364
0.133416
0.04146
1.45112
0.598218
0.29602
1.34681
-0.776162
-1.4374
1.71352
-0.127364
0.133416
0.04146
1.45112
0.624296
0.297554
1.32227
-0.754686
-1.4374
1.71352
-0.127364
0.133416
0.04146
1.45112
0.647306
0.299088
1.29619
-0.731676
-1.4374
1.71352
-0.127364
0.133416
0.04146
1.45112
0.668782
0.300622
1.27318
-0.7102
-1.4374
1.71352
-0.127364
0.133416
0.04146
1.45112
0.691792
0.302156
1.2517
-0.688724
-1.4374
1.71352
-0.127364
0.133416
0.04146
1.45112
0.711734
0.30369
1.23176
-0.668782
-1.4374
1.71352
-0.127364
0.133416
0.04146
1.45112
0.73321
0.30369
1.21028
-0.647306
-1.4374
1.71352
-0.127364
0.133416
0.04146
1.45112
0.751618
0.30369
1.18727
-0.628898
-1.4374
1.71352
-0.127364
0.133416
0.04146
1.45112
0.77156
0.302156
1.16733
-0.61049
-1.4374
1.71352
-0.127364
0.133416
0.04146
1.45112
0.789968
0.302156
1.14586
-0.593616
-1.4374
1.71352
-0.127364
0.133416
0.04146
1.45112
0.811444
0.30369
1.12285
-0.575208
-1.4374
1.71352
-0.127364
0.133416
0.04146
1.45112
0.829852
0.30369
1.09984
-0.558334
-1.4374
1.71352
-0.127364
0.133416
0.04146
1.45112
0.84826
0.30369
1.07989
-0.544528
-1.4374
1.71352
-0.127364
0.133416
0.04146
1.45112
0.865134
0.30369
1.05688
-0.530722
-1.4374
1.71352
-0.127364
0.133416
0.04146
1.45112
0.885076
0.30369
1.03541
-0.515382
-1.4374
1.71352
-0.127364
0.133416
0.04146
1.45112
0.90195
0.302156
1.01547
-0.501576
-1.43893
1.71352
-0.12583
0.133416
0.04146
1.45112
0.920358
0.302156
0.995524
-0.484702
-1.43893
1.71352
-0.127364
0.133416
0.04146
1.45112
0.931096
0.302156
0.980184
-0.473964
-1.43893
1.71352
-0.127364
0.133416
0.04146
1.45112
0.944902
0.302156
0.961776
-0.46476
-1.43893
1.71352
-0.12583
0.133416
0.04146
1.45112
0.966378
0.302156
0.934164
-0.450954
-1.44047
1.71352
-0.127364
0.133416
0.04146
1.45112
0.989388
0.302156
0.911154
-0.43408
-1.44047
1.71352
-0.127364
0.133416
0.04146
1.45112
1.0078
0.302156
0.88661
-0.417206
-1.44047
1.71352
-0.127364
0.133416
0.04146
1.45112
1.03081
0.302156
0.862066
-0.401866
-1.44047
1.71352
-0.12583
0.133416
0.04146
1.45112
1.05075
0.302156
0.837522
-0.384992
-1.44047
1.71199
-0.127364
0.133416
0.04146
1.45112
1.07529
0.302156
0.814512
-0.366584
-1.44047
1.71199
-0.127364
0.133416
0.04146
1.45112
1.0937
0.302156
0.79457
-0.348176
-1.44047
1.71199
-0.127364
0.133416
0.04146
1.45112
1.11364
0.302156
0.774628
-0.331302
-1.44047
1.71199
-0.127364
0.133416
0.04146
1.45112
1.13052
0.300622
0.751618
-0.312894
-1.44047
1.71045
-0.127364
0.133416
0.04146
1.45112
1.15046
0.29602
0.73321
-0.291418
-1.442
1.71045
-0.127364
0.133416
0.04146
1.45112
1.16887
0.291418
0.7102
-0.271476
-1.442
1.71045
-0.127364
0.133416
0.04146
1.45112
1.18727
0.28835
0.685656
-0.253068
-1.442
1.71045
-0.127364
0.133416
0.04146
1.45112
1.20415
0.285282
0.661112
-0.237728
-1.442
1.71045
-0.127364
0.133416
0.04146
1.45112
1.21949
0.282214
0.636568
-0.223922
-1.44047
1.71045
-0.127364
0.133416
0.04146
1.45112
1.23483
0.28068
0.613558
-0.21165
-1.44047
1.71045
-0.127364
0.133416
0.04146
1.45112
1.2425
0.277612
0.596684
-0.205514
-1.442
1.71045
-0.127364
0.133416
0.04146
1.45112
1.25017
0.277612
0.578276
-0.202446
-1.442
1.71045
-0.127364
0.133416
0.04146
1.45112
1.25784
0.274544
0.57214
-0.197844
-1.44354
1.71045
-0.127364
0.133416
0.04146
1.45112
1.26704
0.271476
0.567538
-0.190174
-1.44354
1.71045
-0.127364
0.133416
0.04146
1.45112
1.27625
0.268408
0.562936
-0.184038
-1.44507
1.71045
-0.12583
0.133416
0.04146
1.45112
1.28545
0.268408
0.5568
-0.179436
-1.44507
1.71045
-0.127364
0.133416
0.04146
1.45112
1.29619
0.268408
0.547596
-0.179436
-1.4466
1.71045
-0.12583
0.133416
0.04146
1.45112
1.30846
0.268408
0.539926
-0.176368
-1.44814
1.71045
-0.12583
0.133416
0.04146
1.45112
1.3192
0.266874
0.530722
-0.1733
-1.45121
1.71045
-0.12583
0.133416
0.04146
1.45112
1.33454
0.268408
0.519984
-0.168698
-1.45274
1.71045
-0.12583
0.133416
0.04146
1.45112
1.35141
0.269942
0.506178
-0.161028
-1.45274
1.71045
-0.12583
0.133416
0.04146
1.45112
1.36982
0.271476
0.496974
-0.153358
-1.45427
1.71045
-0.12583
0.133416
0.04146
1.45112
1.38669
0.27301
0.484702
-0.147222
-1.45734
1.71045
-0.12583
0.133416
0.04146
1.45112
1.39743
0.271476
0.475498
-0.141086
-1.46041
1.71045
-0.12583
0.133416
0.04146
1.45112
1.4051
0.271476
0.46476
-0.133416
-1.46348
1.71045
-0.12583
0.133416
0.04146
1.45112
1.41124
0.269942
0.444818
-0.124212
-1.46655
1.71045
-0.12583
0.133416
0.04146
1.45112
1.41737
0.26534
0.408002
-0.107338
-1.46655
1.71045
-0.12583
0.133416
0.04146
1.45112
1.42351
0.259204
0.363516
-0.0889301
-1.46655
1.71045
-0.12583
0.133416
0.04146
1.45112
1.42965
0.251534
0.31903
-0.0689881
-1.46501
1.71045
-0.12583
0.133416
0.04146
1.45112
1.43732
0.243864
0.279146
-0.053648
-1.46501
1.71045
-0.12583
0.133416
0.04146
1.45112
1.44499
0.239262
0.243864
-0.0413761
-1.46501
1.71045
-0.12583
0.133416
0.04146
1.45112
1.45112
0.23466
0.223922
-0.032172
-1.46348
1.71045
-0.12583
0.133416
0.04146
1.45112
1.45726
0.231592
0.214718
-0.024502
-1.46348
1.71045
-0.12583
0.133416
0.04146
1.45112
1.46339
0.228524
0.208582
-0.0183661
-1.46348
1.71045
-0.12583
0.133416
0.04146
1.45112
1.46953
0.223922
0.197844
-0.0152981
-1.46501
1.71045
-0.12583
0.133416
0.04146
1.45112
1.47413
0.220854
0.18864
-0.0152981
-1.46348
1.71045
-0.12583
0.133416
0.04146
1.45112
1.48027
0.214718
0.171766
-0.0168321
-1.46501
1.71045
-0.12583
0.133416
0.04146
1.45112
1.4864
0.21165
0.15029
-0.0168321
-1.46501
1.71045
-0.12583
0.133416
0.04146
1.45112
1.49407
0.207048
0.122678
-0.0152981
-1.46501
1.71045
-0.12583
0.133416
0.04146
1.45112
1.50174
0.20398
0.0966001
-0.0137641
-1.46501
1.71045
-0.124296
0.133416
0.04146
1.45112
1.51095
0.200912
0.0720561
-0.0122299
-1.46501
1.71045
-0.12583
0.133416
0.04146
1.45112
1.51862
0.199378
0.05058
-0.0122299
-1.46501
1.71045
-0.12583
0.133416
0.04146
1.45112
1.52629
0.19631
0.0337059
-0.0122299
-1.46501
1.71045
-0.12583
0.133416
0.04146
1.45112
1.53242
0.194776
0.024502
-0.0122299
-1.46501
1.71045
-0.12583
0.133416
0.04146
1.45112
1.53856
0.191708
0.0137641
-0.0122299
-1.46501
1.71045
-0.12583
0.133416
0.04146
1.45112
1.54316
0.18864
0.00916195
-0.0122299
-1.46501
1.71045
-0.12583
0.133416
0.04146
1.45112
1.5493
0.187106
0.00609398
-0.0122299
-1.46501
1.71045
-0.12583
0.133416
0.04146
1.45112
1.55543
0.187106
0.00302601
-0.0122299
-1.46501
1.71045
-0.124296
0.133416
0.04146
1.45112
1.56157
0.185572
0.00302601
-0.0106959
-1.46501
1.71045
-0.12583
0.133416
0.04146
1.45112
1.56771
0.187106
-0.00157595
-0.00916195
-1.46501
1.71045
-0.12583
0.133416
0.04146
1.45112
1.57384
0.185572
-0.00464392
-0.00916195
-1.46655
1.71045
-0.12583
0.133416
0.04146
1.45112
1.58151
0.187106
-0.00924587
-0.00916195
-1.46808
1.71045
-0.124296
0.133416
0.04146
1.45112
1.58918
0.187106
-0.0123138
-0.00762796
-1.47268
1.71045
-0.124296
0.133416
0.04146
1.45112