1.71804
0.18864
0.00609398
-0.0904641
-1.31315
1.77335
-0.276162
0.484702
0.303774
0.774628
1.71804
0.194776
0.00609398
-0.0919981
-1.31621
1.77335
-0.27923
0.484702
0.303774
0.777696
1.71957
0.197844
0.00609398
-0.0889301
-1.31928
1.77181
-0.282298
0.484702
0.303774
0.782298
1.72111
0.202446
0.00609398
-0.0858622
-1.32542
1.77181
-0.283832
0.486236
0.303774
0.785366
1.72111
0.205514
0.00455999
-0.076658
-1.32849
1.77181
-0.2869
0.48777
0.303774
0.789968
1.71957
0.210116
-0.00310993
-0.0705221
-1.33002
1.77181
-0.288434
0.489304
0.305308
0.79457
1.71957
0.213184
-0.00310993
-0.0643861
-1.33309
1.77028
-0.291502
0.490838
0.305308
0.799172
1.71957
0.21932
-0.00464392
-0.0628521
-1.33769
1.76721
-0.293036
0.492372
0.305308
0.805308
1.71804
0.225456
-0.00464392
-0.0613179
-1.34383
1.76261
-0.29457
0.493906
0.305308
0.811444
1.71344
0.233126
-0.00464392
-0.0613179
-1.34843
1.75801
-0.296104
0.493906
0.305308
0.820648
1.71037
0.237728
-0.00464392
-0.0613179
-1.35303
1.75494
-0.299172
0.49544
0.305308
0.831386
1.7073
0.243864
-0.0061779
-0.0613179
-1.35917
1.75187
-0.299172
0.496974
0.306842
0.839056
1.70423
0.25
-0.00771189
-0.0613179
-1.36377
1.74727
-0.30224
0.500042
0.30991
0.846726
1.69963
0.256136
-0.00771189
-0.0613179
-1.3699
1.74267
-0.303774
0.50311
0.311444
0.849794
1.69503
0.262272
-0.00924587
-0.0597839
-1.37451
1.73806
-0.303774
0.504644
0.30991
0.852862
1.68889
0.268408
-0.00924587
-0.0597839
-1.38064
1.73193
-0.305308
0.507712
0.311444
0.857464
1.68276
0.274544
-0.00924587
-0.0597839
-1.38678
1.72579
-0.306842
0.509246
0.311444
0.862066
1.67662
0.28068
-0.0107799
-0.0597839
-1.39291
1.71812
-0.308376
0.512314
0.311444
0.866668
1.67048
0.285282
-0.0107799
-0.0597839
-1.40058
1.71199
-0.30991
0.515382
0.311444
0.872804
1.66281
0.291418
-0.0107799
-0.0597839
-1.40672
1.70585
-0.312978
0.51845
0.30991
0.877406
1.65361
0.29602
-0.0107799
-0.0597839
-1.41132
1.69971
-0.314512
0.519984
0.311444
0.882008
1.64441
0.302156
-0.0107799
-0.0597839
-1.41439
1.69358
-0.316046
0.523052
0.30991
0.885076
1.63213
0.308292
-0.0123138
-0.0597839
-1.41746
1.68591
-0.319114
0.527654
0.311444
0.888144
1.61526
0.315962
-0.0123138
-0.0613179
-1.41746
1.68131
-0.320648
0.530722
0.311444
0.892746
1.59378
0.3267
-0.0123138
-0.0613179
-1.42053
1.67517
-0.323716
0.535324
0.311444
0.897348
1.57998
0.331302
-0.0138481
-0.0613179
-1.42359
1.67057
-0.32525
0.538392
0.30991
0.900416
1.5631
0.335904
-0.016916
-0.0597839
-1.42666
1.66443
-0.328318
0.542994
0.311444
0.903484
1.54776
0.34204
-0.01845
-0.0613179
-1.4328
1.65676
-0.331386
0.546062
0.30991
0.906552
1.53089
0.346642
-0.019984
-0.0613179
-1.43587
1.65063
-0.334454
0.550664
0.311444
0.908086
1.51555
0.352778
-0.021518
-0.0613179
-1.4374
1.64449
-0.337522
0.553732
0.311444
0.911154
1.50021
0.358914
-0.024586
-0.0613179
-1.43893
1.63835
-0.34059
0.5568
0.30991
0.914222
1.48947
0.366584
-0.0276539
-0.0613179
-1.43893
1.63068
-0.343658
0.559868
0.311444
0.91729
1.4772
0.374254
-0.0307219
-0.0613179
-1.44047
1.62455
-0.346726
0.562936
0.311444
0.918824
1.46493
0.383458
-0.0322559
-0.0613179
-1.44047
1.61841
-0.349794
0.566004
0.30991
0.923426
1.45572
0.392662
-0.0353239
-0.0613179
-1.44047
1.61381
-0.352862
0.569072
0.30991
0.929562
1.44959
0.400332
-0.0383921
-0.0613179
-1.44047
1.60614
-0.357464
0.570606
0.311444
0.934164
1.44345
0.408002
-0.0399261
-0.0613179
-1.44047
1.6
-0.362066
0.57214
0.311444
0.9403
1.43732
0.415672
-0.042994
-0.0597839
-1.44047
1.59387
-0.366668
0.573674
0.30991
0.951038
1.43118
0.424876
-0.044528
-0.0613179
-1.44047
1.58927
-0.37127
0.575208
0.30991
0.958708
1.42351
0.432546
-0.047596
-0.0613179
-1.44047
1.58313
-0.377406
0.575208
0.30991
0.967912
1.41584
0.443284
-0.04913
-0.0597839
-1.44047
1.57853
-0.383542
0.575208
0.30991
0.97865
1.40817
0.452488
-0.0506639
-0.0613179
-1.44047
1.57086
-0.388144
0.576742
0.308376
0.983252
1.39283
0.467828
-0.0506639
-0.0613179
-1.44047
1.56626
-0.392746
0.578276
0.303774
0.987854
1.37596
0.484702
-0.0521979
-0.0674541
-1.44047
1.56012
-0.397348
0.578276
0.297638
0.992456
1.36522
0.506178
-0.0521979
-0.0904641
-1.44047
1.55552
-0.403484
0.578276
0.297638
0.992456
1.35448
0.521518
-0.0521979
-0.105804
-1.44047
1.55092
-0.40962
0.57981
0.297638
0.995524
1.34681
0.532256
-0.0552659
-0.107338
-1.44047
1.54478
-0.415756
0.57981
0.297638
0.99399
1.33914
0.546062
-0.0567999
-0.107338
-1.44047
1.54171
-0.421892
0.57981
0.297638
0.99399
1.33607
0.555266
-0.0583339
-0.107338
-1.44047
1.53711
-0.428028
0.57981
0.297638
0.99399
1.3284
0.566004
-0.0598679
-0.107338
-1.44047
1.53404
-0.43263
0.57981
0.297638
0.99399
1.32227
0.575208
-0.0598679
-0.107338
-1.44047
1.53097
-0.437232
0.57981
0.297638
0.99399
1.31766
0.582878
-0.0629361
-0.107338
-1.44047
1.52791
-0.4403
0.57981
0.297638
0.99399
1.31153
0.590548
-0.0629361
-0.107338
-1.44047
1.52484
-0.443368
0.57981
0.297638
0.99399
1.30386
0.598218
-0.066004
-0.105804
-1.44047
1.52177
-0.446436
0.57981
0.297638
0.992456
1.29772
0.604354
-0.067538
-0.105804
-1.44047
1.5187
-0.449504
0.581344
0.297638
0.990922
1.28698
0.61049
-0.069072
-0.105804
-1.44047
1.5141
-0.452572
0.57981
0.297638
0.989388
1.27778
0.613558
-0.069072
-0.105804
-1.44047
1.51103
-0.45564
0.57981
0.297638
0.987854
1.26858
0.61816
-0.070606
-0.105804
-1.44047
1.5049
-0.458708
0.581344
0.297638
0.987854
1.25937
0.619694
-0.070606
-0.105804
-1.44047
1.50183
-0.461776
0.581344
0.299172
0.987854
1.2471
0.621228
-0.070606
-0.105804
-1.44047
1.49569
-0.464844
0.581344
0.299172
0.987854
1.23483
0.621228
-0.070606
-0.105804
-1.44047
1.49109
-0.467912
0.581344
0.299172
0.98632
1.21335
0.622762
-0.070606
-0.105804
-1.44047
1.48649
-0.469446
0.581344
0.300706
0.98632
1.19188
0.622762
-0.070606
-0.110406
-1.44047
1.48189
-0.472514
0.581344
0.308376
0.98632
1.16887
0.616626
-0.070606
-0.113474
-1.44047
1.47728
-0.475582
0.582878
0.323716
0.987854
1.14892
0.612024
-0.070606
-0.116542
-1.44047
1.47268
-0.47865
0.584412
0.337522
0.987854
1.12591
0.607422
-0.070606
-0.118076
-1.44047
1.46655
-0.477116
0.585946
0.345192
0.98632
1.1029
0.601286
-0.07214
-0.122678
-1.44047
1.46194
-0.477116
0.58748
0.349794
0.98632
1.08143
0.593616
-0.07214
-0.125746
-1.442
1.45427
-0.475582
0.58748
0.354396
0.98632
1.05995
0.58748
-0.073674
-0.128814
-1.442
1.44814
-0.472514
0.589014
0.357464
0.984786
1.04308
0.578276
-0.073674
-0.131882
-1.442
1.442
-0.469446
0.589014
0.360532
0.984786
1.02467
0.567538
-0.073674
-0.13495
-1.442
1.43433
-0.46331
0.589014
0.365134
0.984786
1.00626
0.5568
-0.0752079
-0.136484
-1.44354
1.42666
-0.457174
0.590548
0.368202
0.984786
0.98632
0.546062
-0.0752079
-0.139552
-1.442
1.42053
-0.451038
0.590548
0.372804
0.984786
0.967912
0.53379
-0.0767419
-0.141086
-1.44354
1.41439
-0.444902
0.592082
0.375872
0.984786
0.946436
0.521518
-0.0782759
-0.144154
-1.44354
1.40825
-0.438766
0.592082
0.380474
0.984786
0.928028
0.507712
-0.0782759
-0.145688
-1.4466
1.40365
-0.43263
0.593616
0.383542
0.984786
0.90962
0.493906
-0.0798099
-0.15029
-1.44814
1.39752
-0.426494
0.593616
0.38661
0.984786
0.891212
0.4801
-0.0813439
-0.151824
-1.45274
1.39291
-0.421892
0.593616
0.391212
0.984786
0.875872
0.466294
-0.0828779
-0.154892
-1.45581
1.38831
-0.418824
0.593616
0.395814
0.984786
0.860532
0.452488
-0.0844119
-0.156426
-1.46194
1.38371
-0.414222
0.59515
0.400416
0.984786
0.845192
0.435614
-0.0844119
-0.159494
-1.47115
1.37911
-0.412688
0.59515
0.406552
0.984786
0.83292
0.420274
-0.0859461
-0.161028
-1.48035
1.37451
-0.40962
0.59515
0.411154
0.984786
0.819114
0.404934
-0.0859461
-0.164096
-1.48649
1.3699
-0.406552
0.59515
0.415756
0.984786
0.806842
0.389594
-0.0874801
-0.16563
-1.49416
1.3653
-0.403484
0.59515
0.420358
0.984786
0.796104
0.375788
-0.0890141
-0.168698
-1.50183
1.3607
-0.400416
0.59515
0.42496
0.984786
0.7869
0.366584
-0.090548
-0.1733
-1.5095
1.35763
-0.397348
0.59515
0.431096
0.984786
0.780764
0.35738
-0.092082
-0.177902
-1.51563
1.3515
-0.392746
0.59515
0.435698
0.984786
0.776162
0.34971
-0.092082
-0.184038
-1.5187
1.34536
-0.388144
0.59515
0.441834
0.984786
0.773094
0.343574
-0.093616
-0.187106
-1.5187
1.33922
-0.383542
0.59515
0.44797
0.984786
0.77156
0.337438
-0.093616
-0.193242
-1.5187
1.33155
-0.377406
0.59515
0.454106
0.984786
0.770026
0.331302
-0.093616
-0.197844
-1.5187
1.32695
-0.372804
0.59515
0.457174
0.984786
0.770026
0.3267
-0.093616
-0.202446
-1.5187
1.32082
-0.368202
0.59515
0.461776
0.984786
0.770026
0.323632
-0.093616
-0.207048
-1.5187
1.31468
-0.366668
0.59515
0.466378
0.984786
0.770026
0.31903
-0.093616
-0.21165
-1.5187
1.30854
-0.3636
0.59515
0.47098
0.984786
0.770026
0.314428
-0.093616
-0.216252
-1.5187
1.30241
-0.360532
0.59515
0.477116
0.984786
0.770026
0.31136
-0.09515
-0.222388
-1.5187
1.2932
-0.357464
0.59515
0.483252
0.984786
0.770026
0.306758
-0.098218
-0.22699
-1.52024
1.28707
-0.352862
0.59515
0.489388
0.984786
0.770026
0.302156
-0.0997519
-0.233126
-1.52024
1.27786
-0.34826
0.596684
0.495524
0.984786
0.768492
0.297554
-0.101286
-0.237728
-1.52024
1.26866
-0.345192
0.598218
0.50166
0.984786
0.765424
0.292952
-0.10282
-0.24233
-1.52177
1.25946
-0.34059
0.598218
0.506262
0.984786
0.762356
0.28835
-0.105888
-0.246932
-1.5233
1.25179
-0.339056
0.598218
0.510864
0.984786
0.757754
0.283748
-0.107422
-0.251534
-1.52484
1.24412
-0.337522
0.598218
0.518534
0.984786
0.753152
0.279146
-0.11049
-0.256136
-1.52637
1.23491
-0.334454
0.598218
0.523136
0.984786
0.747016
0.276078
-0.112024
-0.262272
-1.52791
1.22571
-0.329852
0.598218
0.530806
0.984786
0.742414
0.271476
-0.115092
-0.268408
-1.52944
1.2165
-0.32525
0.598218
0.538476
0.984786
0.736278
0.266874
-0.11816
-0.27301
-1.53097
1.20883
-0.319114
0.601286
0.546146
0.984786
0.731676
0.263806
-0.121228
-0.279146
-1.53251
1.19963
-0.312978
0.60282
0.552282
0.984786
0.724006
0.259204
-0.124296
-0.283748
-1.53404
1.19043
-0.306842
0.605888
0.56302
0.984786
0.716336
0.254602
-0.127364
-0.28835
-1.53711
1.18429
-0.305308
0.615092
0.584496
0.98632
0.7102
0.251534
-0.130432
-0.292952
-1.54018
1.17815
-0.305308
0.630432
0.613642
0.990922
0.70253
0.246932
-0.1335
-0.299088
-1.54325
1.17509
-0.305308
0.650374
0.645856
0.997058
0.69486
0.243864
-0.136568
-0.305224
-1.54478
1.17355
-0.305308
0.673384
0.68574
1.01086
0.68719
0.239262
-0.139636
-0.309826
-1.54785
1.17048
-0.305308
0.697928
0.733294
1.03387
0.67952
0.23466
-0.142704
-0.315962
-1.55092
1.16742
-0.30224
0.720938
0.779314
1.07222
0.670316
0.230058
-0.145772
-0.322098
-1.55398
1.16281
-0.299172
0.74088
0.83147
1.11824
0.661112
0.225456
-0.14884
-0.3267
-1.55552
1.15668
-0.291502
0.76389
0.883626
1.1704
0.653442
0.220854
-0.151908
-0.332836
-1.55705
1.15054
-0.285366
0.791502
0.93885
1.21182
0.645772
0.214718
-0.15651
-0.340506
-1.56012
1.14287
-0.27923
0.811444
0.989472
1.26704
0.638102
0.210116
-0.159578
-0.346642
-1.56165
1.13367
-0.273094
0.834454
1.04163
1.32073
0.628898
0.205514
-0.16418
-0.354312
-1.56319
1.12446
-0.265424
0.85593
1.08611
1.36982
0.621228
0.200912
-0.168782
-0.361982
-1.56626
1.11526
-0.259288
0.877406
1.126
1.4097
0.615092
0.194776
-0.17185
-0.369652
-1.56779
1.10145
-0.251618
0.891212
1.15821
1.44038
0.607422
0.191708
-0.177986
-0.377322
-1.57086
1.08458
-0.242414
0.906552
1.17969
1.46186
0.601286
0.18864
-0.182588
-0.383458
-1.57393
1.06924
-0.227074
0.92496
1.20423
1.47413
0.593616
0.187106
-0.188724
-0.391128
-1.57699
1.0539
-0.208666
0.938766
1.21344
1.48487
0.585946
0.182504
-0.193326
-0.397264
-1.5816
1.03703
-0.19486
0.94797
1.21344
1.49254
0.576742
0.176368
-0.197928
-0.404934
-1.5862
1.02475
-0.185656
0.949504
1.21497
1.50174
0.566004
0.170232
-0.204064
-0.412604
-1.58927
1.00941
-0.17185
0.952572
1.21497
1.50174
0.553732
0.164096
-0.207132
-0.420274
-1.59233
0.991006
-0.158044
0.954106
1.21497
1.50174
0.54146
0.156426
-0.211734
-0.424876
-1.59694
0.975666
-0.144238
0.95564
1.21497
1.50328
0.530722
0.147222
-0.219404
-0.43408
-1.60307
0.955724
-0.128898
0.957174
1.2119
1.50788
0.519984
0.141086
-0.224006
-0.44175
-1.60767
0.935782
-0.113558
0.958708
1.2119
1.51555
0.507712
0.133416
-0.230142
-0.450954
-1.61381
0.917374
-0.098218
0.961776
1.20883
1.52782
0.496974
0.12728
-0.234744
-0.458624
-1.61841
0.897432
-0.0813439
0.96331
1.2073
1.54316
0.486236
0.118076
-0.24088
-0.466294
-1.62148
0.87749
-0.066004
0.966378
1.20423
1.55237
0.473964
0.110406
-0.243948
-0.473964
-1.62301
0.860616
-0.0552659
0.966378
1.20116
1.56004
0.45709
0.0966001
-0.24855
-0.475498
-1.62455
0.842208
-0.044528
0.967912
1.19963
1.56157
0.44175
0.08126
-0.253152
-0.477032
-1.63068
0.826868
-0.0368581
0.969446
1.1981
1.5631
0.423342
0.0643861
-0.257754
-0.481634
-1.63682
0.811528
-0.0276539
0.969446
1.19656
1.56617
0.4034
0.052114
-0.26389
-0.483168
-1.64296
0.797722
-0.01845
0.97098
1.19503
1.56617
0.38039
0.0383081
-0.27156
-0.484702
-1.65523
0.780848
-0.00771189
0.972514
1.19503
1.56771
0.35738
0.026036
-0.277696
-0.484702
-1.6721
0.768576
0.00149202
0.972514
1.19503
1.56924
0.331302
0.0122299
-0.2869
-0.484702
-1.68591
0.757838
0.0106959
0.974048
1.19503
1.57077
0.306758
0.00149202
-0.293036
-0.48777
-1.69665
0.750168
0.0199001
0.975582
1.19503
1.57077
0.279146
-0.0123138
-0.299172
-0.489304
-1.70892
0.744032
0.026036
0.975582
1.19656
1.57077
0.253068
-0.0261199
-0.303774
-0.490838
-1.71966
0.740964
0.032172
0.975582
1.20116
1.57077
0.231592
-0.0353239
-0.308376
-0.493906
-1.72579
0.737896
0.0367742
0.975582
1.20577
1.57077
0.207048
-0.046062
-0.314512
-0.496974
-1.73039
0.734828
0.0429101
0.975582
1.21497
1.57077
0.187106
-0.0552659
-0.319114
-0.500042
-1.73653
0.73176
0.0475121
0.975582
1.22571
1.57231
0.168698
-0.066004
-0.32525
-0.50311
-1.7396
0.730226
0.052114
0.977116
1.23645
1.57538
0.153358
-0.0752079
-0.33292
-0.50311
-1.74113
0.727158
0.055182
0.97865
1.24105
1.57844
0.138018
-0.0844119
-0.339056
-0.50311
-1.74267
0.722556
0.0597839
0.980184
1.24412
1.57998
0.12728
-0.090548
-0.346726
-0.504644
-1.7442
0.719488
0.0643861
0.983252
1.24565
1.57998
0.115008
-0.098218
-0.354396
-0.506178
-1.74727
0.71642
0.0689881
0.98632
1.24872
1.58151
0.107338
-0.10282
-0.362066
-0.51078
-1.75034
0.713352
0.0720561
0.989388
1.25025
1.58151
0.101202
-0.108956
-0.369736
-0.515382
-1.75034
0.711818
0.075124
0.992456
1.25179
1.58151
0.0966001
-0.113558
-0.375872
-0.519984
-1.75187
0.710284
0.078192
0.995524
1.25485
1.58151
0.0950661
-0.116626
-0.383542
-0.523052
-1.75187
0.707216
0.08126
1.00013
1.25792
1.58151
0.0935321
-0.121228
-0.388144
-0.529188
-1.75034
0.704148
0.0843279
1.00473
1.26252
1.58151
0.0919981
-0.124296
-0.39428
-0.53379
-1.75034
0.70108
0.0889301
1.01086
1.26559
1.58305
0.0919981
-0.128898
-0.400416
-0.539926
-1.75187
0.699546
0.0935321
1.01547
1.27019
1.58305
0.0935321
-0.131966
-0.406552
-0.546062
-1.75187
0.698012
0.098134
1.02007
1.2748
1.58305
0.0919981
-0.135034
-0.412688
-0.552198
-1.75187
0.696478
0.101202
1.02467
1.27786
1.58151
0.0919981
-0.138102
-0.420358
-0.559868
-1.75187
0.696478
0.105804
1.03234
1.28247
1.58151
0.0919981
-0.14117
-0.429562
-0.566004
-1.75034
0.694944
0.110406
1.04154
1.29167
1.58305
0.0889301
-0.14117
-0.438766
-0.57214
-1.75187
0.69341
0.113474
1.04768
1.29627
1.58305
0.0873961
-0.142704
-0.446436
-0.578276
-1.75187
0.688808
0.116542
1.05535
1.30241
1.58305
0.0858622
-0.142704
-0.454106
-0.584412
-1.75187
0.68574
0.121144
1.06149
1.30701
1.58305
0.082794
-0.142704
-0.46331
-0.590548
-1.75187
0.682672
0.124212
1.06916
1.31315
1.58305
0.08126
-0.14117
-0.47098
-0.59515
-1.75187
0.681138
0.12728
1.07683
1.31928
1.58305
0.079726
-0.14117
-0.47865
-0.601286
-1.75187
0.67807
0.131882
1.0845
1.32542
1.58305
0.076658
-0.139636
-0.48632
-0.605888
-1.75187
0.675002
0.13495
1.09217
1.33155
1.58305
0.075124
-0.138102
-0.49399
-0.61049
-1.75187
0.671934
0.139552
1.0983
1.33616
1.58305
0.07359
-0.138102
-0.503194
-0.616626
-1.75187
0.668866
0.14262
1.10751
1.34229
1.58305
0.0720561
-0.135034
-0.512398
-0.624296
-1.75187
0.665798
0.148756
1.11671
1.34843
1.58305
0.0705221
-0.1335
-0.521602
-0.631966
-1.75187
0.664264
0.154892
1.13052
1.35763
1.58305
0.0674541
-0.1335
-0.53234
-0.639636
-1.75187
0.664264
0.162562
1.15199
1.37604
1.58305
0.0659201
-0.1335
-0.541544
-0.647306
-1.75187
0.664264
0.171766
1.18267
1.39752
1.58305
0.0643861
-0.1335
-0.550748
-0.65651
-1.75187
0.664264
0.179436
1.21795
1.42053
1.58305
0.0628521
-0.131966
-0.564554
-0.667248
-1.75187
0.664264
0.185572
1.24863
1.43893
1.58305
0.0628521
-0.128898
-0.590632
-0.688724
-1.75187
0.66273
0.190174
1.28238
1.45121
1.58305
0.0643861
-0.122762
-0.619778
-0.71787
-1.75187
0.658128
0.194776
1.30999
1.45734
1.58305
0.0628521
-0.115092
-0.650458
-0.75622
-1.75187
0.651992
0.199378
1.33607
1.46501
1.58305
0.0628521
-0.10282
-0.684206
-0.797638
-1.75034
0.64739
0.20398
1.35141
1.47422
1.58305
0.0628521
-0.090548
-0.713352
-0.843658
-1.74727
0.642788
0.205514
1.35601
1.47575
1.58305
0.0628521
-0.0782759
-0.73943
-0.891212
-1.74113
0.636652
0.208582
1.35601
1.47728
1.58305
0.0628521
-0.0644701
-0.763974
-0.944902
-1.72886
0.63205
0.21165
1.35448
1.47728
1.58305
0.0628521
-0.046062
-0.77778
-0.99399
-1.72119
0.627448
0.217786
1.35295
1.47882
1.58305
0.0613179
-0.0261199
-0.788518
-1.04768
-1.71659
0.622846
0.223922
1.35141
1.47882
1.58151
0.0628521
-0.0061779
-0.790052
-1.09523
-1.71505
0.618244
0.231592
1.34681
1.47882
1.57691
0.0628521
0.0122299
-0.790052
-1.14125
-1.71505
0.613642
0.239262
1.34221
1.48035
1.56924
0.0628521
0.02757
-0.790052
-1.1704
-1.71505
0.610574
0.246932
1.33607
1.48342
1.55697
0.0628521
0.0398421
-0.790052
-1.19188
-1.71505
0.605972
0.254602
1.33147
1.48649
1.54316
0.0628521
0.052114
-0.790052
-1.21642
-1.71505
0.60137
0.262272
1.32687
1.48802
1.53242
0.0643861
0.0597839
-0.788518
-1.23176
-1.71352
0.595234
0.269942
1.3238
1.49262
1.52629
0.0643861
0.0613179
-0.786984
-1.23329
-1.71352
0.589098
0.277612
1.3192
1.49723
1.52015
0.0643861
0.0628521
-0.786984
-1.23483
-1.71352
0.582962
0.286816
1.3146
1.49876
1.51555
0.0643861
0.0613179
-0.786984
-1.23329
-1.71352
0.575292
0.294486
1.30846
1.50183
1.50788
0.0643861
0.0597839
-0.786984
-1.23483
-1.71352
0.564554
0.306758
1.30386
1.50183
1.50481
0.0643861
0.056716
-0.786984
-1.23636
-1.71352
0.552282
0.322098
1.30232
1.50029
1.49714
0.0643861
0.053648
-0.786984
-1.23636
-1.71352
0.538476
0.337438
1.30079
1.49109
1.48487
0.0643861
0.049046
-0.786984
-1.23943
-1.71352
0.527738
0.337438
1.29619
1.49109
1.47873
0.0689881
0.0475121
-0.786984
-1.25324
-1.71352
0.518534
0.338972
1.29159
1.49109
1.47873
0.076658
0.0444441
-0.786984
-1.27778
-1.70278
0.513932
0.337438
1.29005
1.49262
1.4772
0.082794
0.0413761
-0.786984
-1.29926
-1.69511
0.512398
0.337438
1.28852
1.50336
1.4726
0.0858622
0.0367742
-0.786984
-1.30693
-1.68898
0.512398
0.335904
1.28545
1.5095
1.46646
0.0858622
0.0367742
-0.786984
-1.31306
-1.68898
0.510864
0.335904
1.28392
1.5095
1.46186
0.0873961
0.0398421
-0.786984
-1.31613
-1.68898
0.510864
0.335904
1.28392
1.5095
1.45726
0.0873961
0.0444441
-0.786984
-1.32073
-1.68898
0.510864
0.337438
1.28392
1.5095
1.45726
0.0873961
0.0475121
-0.786984
-1.32533
-1.68898
0.510864
0.335904
1.28392
1.51103
1.45726
0.0873961
0.05058
-0.786984
-1.3284
-1.68898
0.510864
0.335904
1.28392
1.51257
1.45572
0.0873961
0.05058
-0.788518
-1.33454
-1.68898
0.510864
0.337438
1.28392
1.51717
1.45726
0.0889301
0.05058
-0.788518
-1.33914
-1.68898
0.510864
0.337438
1.28085
1.5233
1.45572
0.0919981
0.049046
-0.788518
-1.34681
-1.68898
0.512398
0.338972
1.27931
1.52791
1.45572
0.0966001
0.049046
-0.788518
-1.35295
-1.68898
0.512398
0.337438
1.27778
1.52944
1.45112
0.099668
0.0444441
-0.788518
-1.35755
-1.68898
0.512398
0.337438
1.27471
1.52944
1.44652
0.102736
0.0398421
-0.788518
-1.36368
-1.68898
0.510864
0.337438
1.27164
1.53251
1.44345
0.107338
0.0337059
-0.788518
-1.37135
-1.68898
0.510864
0.337438
1.27011
1.53558
1.44038
0.11194
0.029104
-0.788518
-1.37596
-1.68898
0.507796
0.337438
1.26858
1.53711
1.43732
0.116542
0.024502
-0.788518
-1.38056
-1.68898
0.504728
0.337438
1.26858
1.53864
1.43578
0.121144
0.0214341
-0.788518
-1.38669
-1.68898
0.503194
0.337438
1.26704
1.54171
1.43271
0.125746
0.0183661
-0.788518
-1.3913
-1.68898
0.500126
0.337438
1.26397
1.54325
1.42811
0.130348
0.0168321
-0.788518
-1.3959
-1.68898
0.498592
0.337438
1.26091
1.54478
1.42198
0.13495
0.0152981
-0.788518
-1.39897
-1.68898
0.495524
0.337438
1.25784
1.54631
1.41431
0.139552
0.0137641
-0.788518
-1.40357
-1.68898
0.492456
0.337438
1.2563
1.54785
1.4051
0.145688
0.0122299
-0.788518
-1.4097
-1.68898
0.489388
0.335904
1.25477
1.54785
1.39283
0.151824
0.0106959
-0.788518
-1.41431
-1.68898
0.484786
0.335904
1.25324
1.54785
1.37596
0.156426
0.0106959
-0.790052
-1.41891
-1.68898
0.481718
0.337438
1.2517
1.54938
1.35755
0.162562
0.0106959
-0.79312
-1.42198
-1.68898
0.47865
0.337438
1.24863
1.54785
1.33607
0.167164
0.00916195
-0.79312
-1.42658
-1.68898
0.475582
0.337438
1.24557
1.54785
1.31306
0.1733
0.00916195
-0.79312
-1.42965
-1.68898
0.474048
0.337438
1.24403
1.54938
1.27931
0.177902
0.0106959
-0.79312
-1.43578
-1.68898
0.47098
0.337438
1.2425
1.54938
1.2517
0.182504
0.0106959
-0.79312
-1.44038
-1.68898
0.467912
0.337438
1.24096
1.54938
1.2379
0.185572
0.0106959
-0.79312
-1.44499
-1.68898
0.46331
0.335904
1.24096
1.54938
1.23636
0.18864
0.0122299
-0.79312
-1.44959
-1.68898
0.458708
0.335904
1.24096
1.54938
1.23483
0.190174
0.0106959
-0.794654
-1.45419
-1.68898
0.45564
0.335904
1.23943
1.54938
1.23329
0.191708
0.0122299
-0.794654
-1.45879
-1.68898
0.452572
0.337438
1.23636
1.54938
1.22869
0.193242
0.0122299
-0.794654
-1.46339
-1.68898
0.449504
0.337438
1.23329
1.54938
1.22102
0.193242
0.0106959
-0.794654
-1.468
-1.68898
0.44797
0.335904
1.23176
1.54785
1.21335
0.193242
0.0106959
-0.794654
-1.47413
-1.68898
0.446436
0.337438
1.22869
1.54938
1.19955
0.193242
0.0106959
-0.794654
-1.48027
-1.68898
0.446436
0.337438
1.22562
1.54938
1.18574
0.194776
0.00916195
-0.794654
-1.48487
-1.68898
0.444902
0.335904
1.22256
1.54938
1.16733
0.194776
0.00916195
-0.794654
-1.49101
-1.68898
0.444902
0.337438
1.21949
1.54938
1.15046
0.193242
0.00916195
-0.794654
-1.49714
-1.68898
0.443368
0.337438
1.21642
1.54938
1.13972
0.193242
0.00916195
-0.794654
-1.50174
-1.68898
0.441834
0.337438
1.21335
1.54938
1.13512
0.193242
0.00916195
-0.794654
-1.50635
-1.68898
0.438766
0.337438
1.20875
1.54938
1.13358
0.194776
0.00762796
-0.794654
-1.51095
-1.68744
0.437232
0.337438
1.20722
1.54938
1.13052
0.193242
0.00762796
-0.794654
-1.51708
-1.68744
0.435698
0.337438
1.20415
1.54938
1.13052
0.193242
0.00762796
-0.794654
-1.52015
-1.68591
0.43263
0.337438
1.20108
1.54938
1.12745
0.194776
0.00609398
-0.79312
-1.52322
-1.68284
0.431096
0.337438
1.19955
1.54938
1.12591
0.193242
0.00762796
-0.794654
-1.52629
-1.67977
0.429562
0.337438
1.19801
1.54938
1.12438
0.193242
0.00762796
-0.794654
-1.52782
-1.6767
0.426494
0.337438
1.19648
1.54938
1.12285
0.193242
0.00916195
-0.794654
-1.52936
-1.67517
0.42496
0.337438
1.19494
1.54938
1.12285
0.193242
0.00916195
-0.796188
-1.53089
-1.67364
0.42496
0.337438
1.19341
1.54938
1.12285
0.193242
0.00916195
-0.797722
-1.53089
-1.6721
0.423426
0.337438
1.19341
1.54938
1.12285
0.193242
0.00916195
-0.799256
-1.53242
-1.6721
0.421892
0.337438
1.19188
1.54938
1.12285
0.193242
0.00916195
-0.799256
-1.53242
-1.6721
0.421892
0.337438
1.19034
1.54938
1.12285
0.193242
0.00916195
-0.80079
-1.53396
-1.6721
0.420358
0.337438
1.18881
1.54938
1.12285
0.193242
0.00916195
-0.80079
-1.53549
-1.6721
0.418824
0.337438
1.18881
1.54938
1.12285
0.194776
0.00916195
-0.803858
-1.53549
-1.6721
0.41729
0.337438
1.18727
1.54938
1.12285
0.193242
0.00916195
-0.803858
-1.53549
-1.6721
0.415756
0.337438
1.18727
1.54938
1.12285
0.193242
0.00916195
-0.805392
-1.53703
-1.6721
0.414222
0.337438
1.18727
1.54938
1.12285
0.194776
0.00916195
-0.806926
-1.53703
-1.6721
0.412688
0.337438
1.18574
1.54938
1.12285
0.193242
0.00916195
-0.806926
-1.53703
-1.6721
0.411154
0.337438
1.18574
1.54938
1.12285
0.193242
0.00916195
-0.80846
-1.53703
-1.6721
0.40962
0.337438
1.18421
1.54938
1.12285
0.193242
0.00916195
-0.809994
-1.53703
-1.6721
0.408086
0.337438
1.18267
1.54938
1.12285
0.193242
0.00916195
-0.811528
-1.53703
-1.6721
0.405018
0.337438
1.18267
1.54938
1.12285
0.193242
0.00916195
-0.813062
-1.53703
-1.6721
0.403484
0.337438
1.18114
1.54938
1.12285
0.193242
0.00916195
-0.813062
-1.53703
-1.6721
0.400416
0.337438
1.1796
1.55092
1.12285
0.193242
0.00916195
-0.814596
-1.53703
-1.6721
0.398882
0.337438
1.1796
1.54938
1.12285
0.193242
0.00916195
-0.81613
-1.53703
-1.6721
0.397348
0.337438
1.17807
1.54938
1.12285
0.193242
0.00916195
-0.81613
-1.53703
-1.6721
0.39428
0.337438
1.17807
1.54938
1.12285
0.193242
0.00916195
-0.817664
-1.53703
-1.6721
0.392746
0.337438
1.17654
1.54938
1.12285
0.193242
0.00916195
-0.817664
-1.53703
-1.6721
0.391212
0.337438
1.17654
1.54938
1.12285
0.193242
0.00916195
-0.819198
-1.53703
-1.6721
0.389678
0.337438
1.175
1.54938
1.12285
0.193242
0.00916195
-0.819198
-1.53703
-1.6721
0.388144
0.337438
1.175
1.54938
1.12285
0.193242
0.00916195
-0.819198
-1.53703
-1.6721
0.38661
0.335904
1.175
1.54938
1.12285
0.193242
0.00916195
-0.819198
-1.53703
-1.6721
0.38661
0.337438
1.17347
1.55092
1.12285
0.193242
0.00916195
-0.819198
-1.53703
-1.6721
0.385076
0.337438
1.17347
1.54938
1.12285
0.193242
0.00916195
-0.820732
-1.53703
-1.6721
0.383542
0.337438
1.17347
1.54938
1.12285
0.194776
0.00916195
-0.819198
-1.53703
-1.6721
0.383542
0.337438
1.17347
1.55092
1.12285
0.193242
0.00916195
-0.820732
-1.53703
-1.6721
0.383542
0.337438
1.17193
1.54938
1.12285
0.193242
0.00916195
-0.819198
-1.53703
-1.6721
0.382008
0.337438
1.17193
1.55092
1.12285
0.193242
0.00916195
-0.819198
-1.53703
-1.6721
0.382008
0.337438
1.17347
1.55092
1.12285
0.193242
0.00916195
-0.820732
-1.53703
-1.6721
0.382008
0.337438
1.17193
1.54938
1.12285
0.193242
0.00916195
-0.819198
-1.53703
-1.6721
0.382008
0.337438
1.17193
1.54938
1.12285
0.193242
0.00916195
-0.820732
-1.53703
-1.6721
0.382008
0.337438
1.17193
1.54938
1.12285
0.193242
0.00916195
-0.820732
-1.53703
-1.6721
0.382008
0.337438
1.17193
1.54938
1.12285
0.193242
0.0106959
-0.820732
-1.53703
-1.6721
0.382008
0.337438
1.17193
1.55092
1.12285
0.193242
0.0106959
-0.820732
-1.53703
-1.6721
0.382008
0.337438
1.17193
1.54938
1.12285
0.193242
0.0106959
-0.820732
-1.53703
-1.6721
0.382008
0.337438
1.17193
1.54938
1.12285
0.193242
0.0106959
-0.820732
-1.53703
-1.6721
0.382008
0.337438
1.17193
1.55092
1.12285
0.193242
0.0106959
-0.820732
-1.53703
-1.6721
0.382008
0.337438
1.17193
1.54938
1.12285
0.193242
0.0106959
-0.820732
-1.53703
-1.6721
0.382008
0.337438
1.17193
1.54938
1.12285
0.193242
0.0106959
-0.820732
-1.53703
-1.6721
0.382008
0.337438
1.17193
1.54938
1.12285
0.193242
0.0106959
-0.820732
-1.53703
-1.6721
0.382008
0.337438
1.17193
1.54938
1.12285
0.193242
0.0122299
-0.820732
-1.53703
-1.67057
0.382008
0.335904
1.17193
1.54938
1.12285
0.193242
0.0137641
-0.820732
-1.53703
-1.67057
0.382008
0.335904
1.1704
1.54938
1.12285
0.193242
0.0152981
-0.820732
-1.53549
-1.67057
0.382008
0.335904
1.1704
1.54938
1.12285
0.193242
0.0168321
-0.820732
-1.53549
-1.67057
0.382008
0.33437
1.1704
1.54938
1.12285
0.193242
0.0183661
-0.820732
-1.53396
-1.67057
0.383542
0.33437
1.1704
1.54785
1.12285
0.193242
0.0214341
-0.820732
-1.52936
-1.67057
0.385076
0.33437
1.1704
1.54478
1.12285
0.193242
0.024502
-0.820732
-1.52629
-1.67057
0.38661
0.33437
1.1704
1.53097
1.12285
0.194776
0.029104
-0.820732
-1.52169
-1.6721
0.38661
0.33437
1.17193
1.51563
1.12285
0.194776
0.032172
-0.820732
-1.51248
-1.6721
0.38661
0.332836
1.175
1.50336
1.12285
0.194776
0.0352399
-0.820732
-1.49868
-1.6721
0.38661
0.331302
1.17654
1.49569
1.12285
0.194776
0.0367742
-0.819198
-1.48487
-1.6721
0.392746
0.329768
1.17654
1.49109
1.12285
0.19631
0.0413761
-0.820732
-1.47413
-1.67057
0.400416
0.328234
1.17654
1.48802
1.12285
0.199378
0.0475121
-0.820732
-1.47106
-1.6721
0.406552
0.328234
1.17654
1.48495
1.12285
0.202446
0.052114
-0.820732
-1.46646
-1.6721
0.414222
0.3267
1.17807
1.48035
1.12285
0.207048
0.056716
-0.820732
-1.46339
-1.6721
0.420358
0.323632
1.17807
1.47728
1.12285
0.213184
0.0613179
-0.820732
-1.45879
-1.6721
0.428028
0.320564
1.17807
1.47268
1.12285
0.217786
0.0659201
-0.820732
-1.45419
-1.6721
0.435698
0.317496
1.17807
1.46808
1.12285
0.223922
0.0720561
-0.820732
-1.44959
-1.6721
0.446436
0.314428
1.17807
1.46501
1.12285
0.230058
0.076658
-0.820732
-1.44345
-1.67364
0.457174
0.31136
1.17807
1.46041
1.12285
0.237728
0.08126
-0.820732
-1.43732
-1.67364
0.467912
0.306758
1.17807
1.45581
1.12285
0.243864
0.0843279
-0.820732
-1.43271
-1.67517
0.480184
0.302156
1.17807
1.45274
1.12285
0.25
0.0889301
-0.820732
-1.42658
-1.6767
0.489388
0.300622
1.17654
1.44507
1.12438
0.256136
0.0935321
-0.820732
-1.41891
-1.67824
0.498592
0.29602
1.17654
1.4374
1.12438
0.263806
0.099668
-0.820732
-1.41277
-1.67824
0.510864
0.289884
1.17654
1.4328
1.12438
0.269942
0.10427
-0.820732
-1.40664
-1.67824
0.521602
0.285282
1.17654
1.4282
1.12438
0.277612
0.110406
-0.820732
-1.4005
-1.67824
0.535408
0.277612
1.17654
1.42359
1.12438
0.283748
0.115008
-0.820732
-1.39436
-1.67824
0.550748
0.269942
1.175
1.42053
1.12438
0.291418
0.122678
-0.820732
-1.38823
-1.67824
0.561486
0.266874
1.175
1.41286
1.12591
0.297554
0.128814
-0.820732
-1.38209
-1.67824
0.57069
0.260738
1.175
1.40519
1.12898
0.305224
0.136484
-0.820732
-1.37442
-1.67977
0.57836
0.254602
1.175
1.39752
1.13052
0.31136
0.14262
-0.820732
-1.36829
-1.67977
0.589098
0.248466
1.175
1.38831
1.13205
0.322098
0.153358
-0.820732
-1.36215
-1.67977
0.598302
0.243864
1.175
1.38064
1.13358
0.329768
0.159494
-0.820732
-1.35601
-1.67977
0.610574
0.239262
1.175
1.37144
1.13512
0.335904
0.16563
-0.814596
-1.34988
-1.67977
0.622846
0.23466
1.17347
1.36377
1.13512
0.343574
0.170232
-0.809994
-1.34221
-1.67977
0.636652
0.228524
1.17347
1.3561
1.13512
0.351244
0.176368
-0.805392
-1.33607
-1.67977
0.650458
0.225456
1.17193
1.34689
1.13512
0.358914
0.182504
-0.80079
-1.32687
-1.67977
0.665798
0.222388
1.1704
1.33922
1.13512
0.366584
0.18864
-0.797722
-1.3192
-1.67977
0.68574
0.220854
1.16733
1.33462
1.13512
0.37272
0.194776
-0.79312
-1.31153
-1.67977
0.705682
0.21932
1.16273
1.32849
1.13512
0.38039
0.200912
-0.788518
-1.30386
-1.67977
0.728692
0.21932
1.15659
1.32388
1.13358
0.386526
0.207048
-0.782382
-1.29465
-1.67824
0.7471
0.21932
1.15199
1.31621
1.13205
0.394196
0.213184
-0.77778
-1.28545
-1.6767
0.765508
0.217786
1.14586
1.30854
1.13052
0.400332
0.21932
-0.767042
-1.27318
-1.6767
0.782382
0.214718
1.14125
1.30087
1.12591
0.4034
0.225456
-0.748634
-1.2517
-1.6767
0.80079
0.210116
1.13512
1.29474
1.12285
0.404934
0.228524
-0.722556
-1.21642
-1.6767
0.817664
0.20398
1.12898
1.29014
1.12131
0.406468
0.230058
-0.69341
-1.1796
-1.6767
0.834538
0.199378
1.12285
1.28247
1.11978
0.408002
0.231592
-0.659662
-1.13512
-1.6767
0.84681
0.193242
1.11824
1.2748
1.11978
0.41107
0.231592
-0.625914
-1.09217
-1.6767
0.859082
0.18864
1.11211
1.26866
1.11824
0.414138
0.230058
-0.587564
-1.04615
-1.6767
0.865218
0.185572
1.10751
1.25946
1.11824
0.417206
0.230058
-0.552282
-1.00626
-1.6767
0.86982
0.185572
1.1029
1.24872
1.11824
0.420274
0.228524
-0.510864
-0.96331
-1.67517
0.874422
0.182504
1.0983
1.23951
1.11824
0.424876
0.22699
-0.472514
-0.929562
-1.6767
0.87749
0.18097
1.0937
1.23184
1.11824
0.429478
0.222388
-0.431096
-0.89428
-1.67977
0.882092
0.177902
1.0891
1.22417
1.11824
0.43408
0.217786
-0.398882
-0.866668
-1.67977
0.886694
0.174834
1.0845
1.2165
1.11824
0.438682
0.21165
-0.3636
-0.837522
-1.68131
0.888228
0.1733
1.07836
1.2073
1.11978
0.44175
0.205514
-0.33292
-0.812978
-1.68437
0.891296
0.170232
1.07222
1.1981
1.11824
0.446352
0.200912
-0.30991
-0.788434
-1.68437
0.89283
0.168698
1.06455
1.19043
1.11824
0.450954
0.197844
-0.291502
-0.770026
-1.68437
0.894364
0.167164
1.05688
1.18122
1.11824
0.45709
0.19631
-0.274628
-0.753152
-1.68437
0.897432
0.16563
1.04768
1.17048
1.11824
0.460158
0.19631
-0.260822
-0.739346
-1.68437
0.898966
0.162562
1.04001
1.16128
1.11824
0.46476
0.19631
-0.247016
-0.724006
-1.68437
0.9005
0.15796
1.03081
1.15208
1.11824
0.469362
0.197844
-0.228608
-0.708666
-1.68437
0.903568
0.153358
1.017
1.1398
1.11671
0.473964
0.202446
-0.214802
-0.696394
-1.68437
0.905102
0.145688
1.00319
1.1214
1.11824
0.478566
0.207048
-0.200996
-0.684122
-1.68437
0.906636
0.141086
0.989388
1.10759
1.11671
0.484702
0.216252
-0.18719
-0.677986
-1.68437
0.90817
0.131882
0.964844
1.08305
1.11518
0.490838
0.225456
-0.174918
-0.673384
-1.68437
0.90817
0.121144
0.929562
1.04776
1.11518
0.498508
0.23466
-0.170316
-0.67185
-1.68437
0.90817
0.110406
0.891212
1.01248
1.11364
0.50311
0.240796
-0.167248
-0.668782
-1.68284
0.90817
0.0935321
0.845192
0.978734
1.11211
0.509246
0.246932
-0.16418
-0.668782
-1.68284
0.90817
0.08126
0.803774
0.951122
1.11211
0.515382
0.254602
-0.159578
-0.667248
-1.68131
0.90817
0.0720561
0.75622
0.917374
1.11211
0.523052
0.263806
-0.154976
-0.667248
-1.67977
0.90817
0.0643861
0.711734
0.883626
1.11211
0.530722
0.27301
-0.14884
-0.665714
-1.67824
0.909704
0.05825
0.673384
0.85448
1.11211
0.536858
0.282214
-0.144238
-0.665714
-1.6767
0.909704
0.052114
0.6335
0.826868
1.11211
0.542994
0.28835
-0.136568
-0.662646
-1.67364
0.909704
0.0444441
0.604354
0.802324
1.11211
0.550664
0.294486
-0.128898
-0.661112
-1.6721
0.909704
0.0383081
0.589014
0.780848
1.11211
0.559868
0.302156
-0.119694
-0.659578
-1.67057
0.909704
0.030638
0.585946
0.76244
1.11211
0.567538
0.306758
-0.11049
-0.65651
-1.66903
0.909704
0.0229681
0.58748
0.751702
1.11211
0.573674
0.312894
-0.09515
-0.651908
-1.6675
0.909704
0.0137641
0.589014
0.744032
1.11211
0.581344
0.31903
-0.0859461
-0.650374
-1.66597
0.909704
0.00455999
0.589014
0.736362
1.11211
0.592082
0.323632
-0.0782759
-0.647306
-1.66443
0.911238
-0.00924587
0.589014
0.733294
1.11211
0.599752
0.329768
-0.070606
-0.644238
-1.66136
0.911238
-0.0276539
0.589014
0.733294
1.11211
0.608956
0.335904
-0.0629361
-0.642704
-1.65983
0.912772
-0.047596
0.585946
0.733294
1.11211
0.616626
0.340506
-0.0537319
-0.64117
-1.65676
0.917374
-0.067538
0.585946
0.73176
1.11211
0.62583
0.346642
-0.046062
-0.638102
-1.65523
0.920442
-0.0874801
0.584412
0.73176
1.11211
0.6335
0.351244
-0.0383921
-0.635034
-1.65369
0.925044
-0.112024
0.584412
0.733294
1.11211
0.642704
0.35738
-0.0276539
-0.6335
-1.65369
0.929646
-0.135034
0.581344
0.733294
1.11211
0.650374
0.363516
-0.019984
-0.630432
-1.65216
0.935782
-0.162646
0.576742
0.73176
1.11211
0.659578
0.369652
-0.0138481
-0.627364
-1.64909
0.940384
-0.188724
0.573674
0.73176
1.11057
0.667248
0.375788
-0.0061779
-0.624296
-1.64756
0.948054
-0.211734
0.57214
0.73176
1.11057
0.67952
0.381924
-4.19617e-05
-0.621228
-1.64602
0.955724
-0.23321
0.569072
0.730226
1.11057
0.69486
0.392662
0.00609398
-0.621228
-1.64449
0.963394
-0.253152
0.566004
0.730226
1.11057
0.713268
0.404934
0.0106959
-0.621228
-1.64296
0.96953
-0.268492
0.559868
0.730226
1.11057
0.730142
0.41874
0.0152981
-0.619694
-1.63682
0.974132
-0.276162
0.553732
0.727158
1.10904
0.750084
0.43408
0.0199001
-0.61816
-1.62762
0.978734
-0.27923
0.550664
0.725624
1.10904
0.770026
0.44942
0.026036
-0.616626
-1.61381
0.983336
-0.27923
0.546062
0.727158
1.11057
0.791502
0.466294
0.030638
-0.615092
-1.60307
0.989472
-0.277696
0.542994
0.727158
1.11057
0.811444
0.481634
0.0337059
-0.612024
-1.58773
0.994074
-0.277696
0.539926
0.725624
1.11057
0.83292
0.496974
0.0383081
-0.61049
-1.57393
1.00021
-0.276162
0.535324
0.727158
1.11057
0.854396
0.51078
0.0413761
-0.605888
-1.56319
1.00635
-0.276162
0.532256
0.725624
1.11211
0.872804
0.523052
0.0429101
-0.60282
-1.55705
1.00941
-0.276162
0.527654
0.719488
1.11211
0.889678
0.535324
0.0459781
-0.598218
-1.55245
1.01248
-0.276162
0.523052
0.711818
1.11211
0.905018
0.546062
0.049046
-0.593616
-1.55092
1.01708
-0.277696
0.519984
0.705682
1.11211
0.914222
0.552198
0.052114
-0.58748
-1.55092
1.02015
-0.27923
0.516916
0.699546
1.11364
0.920358
0.558334
0.055182
-0.581344
-1.54938
1.02322
-0.283832
0.515382
0.69341
1.11364
0.92496
0.561402
0.05825
-0.575208
-1.54785
1.02629
-0.2869
0.512314
0.68574
1.11518
0.926494
0.562936
0.0597839
-0.570606
-1.54785
1.03089
-0.293036
0.51078
0.67807
1.11518
0.926494
0.56447
0.0613179
-0.562936
-1.54785
1.03396
-0.299172
0.509246
0.668866
1.11518
0.926494
0.56447
0.0613179
-0.555266
-1.54938
1.03549
-0.303774
0.506178
0.659662
1.11518
0.928028
0.56447
0.0628521
-0.547596
-1.54938
1.03856
-0.308376
0.501576
0.651992
1.11518
0.928028
0.56447
0.0628521
-0.539926
-1.54938
1.03856
-0.312978
0.498508
0.645856
1.11364
0.928028
0.56447
0.0643861
-0.530722
-1.54938
1.04009
-0.31758
0.493906
0.63972
1.11057
0.929562
0.566004
0.0659201
-0.523052
-1.54938
1.04009
-0.322182
0.490838
0.63205
1.10904
0.931096
0.566004
0.0674541
-0.513848
-1.54938
1.04163
-0.326784
0.48777
0.62438
1.10751
0.934164
0.567538
0.0705221
-0.504644
-1.54938
1.04163
-0.331386
0.483168
0.615176
1.10444
0.937232
0.569072
0.0720561
-0.49544
-1.54938
1.04316
-0.334454
0.4801
0.607506
1.1029
0.9403
0.570606
0.075124
-0.486236
-1.54938
1.04623
-0.34059
0.477032
0.599836
1.1029
0.944902
0.57214
0.078192
-0.477032
-1.54938
1.0493
-0.345192
0.473964
0.590632
1.09984
0.949504
0.57214
0.079726
-0.467828
-1.54938
1.0539
-0.349794
0.47243
0.582962
1.09523
0.954106
0.573674
0.082794
-0.458624
-1.54938
1.05697
-0.354396
0.469362
0.572224
1.09217
0.958708
0.575208
0.0843279
-0.44942
-1.54938
1.0585
-0.358998
0.466294
0.56302
1.08756
0.96331
0.578276
0.0873961
-0.438682
-1.54938
1.06004
-0.362066
0.46476
0.553816
1.0845
0.967912
0.57981
0.0889301
-0.431012
-1.54938
1.0631
-0.3636
0.461692
0.544612
1.0845
0.974048
0.582878
0.0919981
-0.421808
-1.54938
1.06617
-0.366668
0.458624
0.53234
1.08296
0.980184
0.585946
0.0966001
-0.412604
-1.54938
1.06924
-0.369736
0.455556
0.521602
1.08143
0.984786
0.589014
0.101202
-0.4034
-1.54938
1.07077
-0.37127
0.44942
0.503194
1.07529
0.990922
0.592082
0.107338
-0.394196
-1.54938
1.07077
-0.369736
0.437148
0.472514
1.06609
0.995524
0.59515
0.110406
-0.386526
-1.54938
1.07077
-0.3636
0.420274
0.43263
1.05382
1.00166
0.59515
0.113474
-0.377322
-1.54938
1.07077
-0.35593
0.398798
0.382008
1.03541
1.00626
0.59515
0.118076
-0.368118
-1.54938
1.06924
-0.343658
0.377322
0.328318
1.00933
1.01086
0.593616
0.128814
-0.345108
-1.54938
1.06924
-0.329852
0.354312
0.268492
0.99399
1.01393
0.589014
0.141086
-0.317496
-1.54938
1.06771
-0.31758
0.329768
0.213268
0.977116
1.01853
0.57981
0.154892
-0.28068
-1.54938
1.06617
-0.305308
0.302156
0.158044
0.972514
1.02314
0.569072
0.167164
-0.24233
-1.54938
1.06464
-0.297638
0.279146
0.11816
0.972514
1.02927
0.5568
0.176368
-0.20398
-1.54938
1.06617
-0.288434
0.254602
0.0813439
0.972514
1.03848
0.54913
0.182504
-0.174834
-1.54938
1.06617
-0.280764
0.228524
0.0399261
0.97098
1.05075
0.542994
0.191708
-0.154892
-1.54938
1.06617
-0.277696
0.205514
0.019984
0.97098
1.06149
0.539926
0.199378
-0.144154
-1.54938
1.06771
-0.280764
0.185572
0.016916
0.97098
1.07069
0.538392
0.200912
-0.138018
-1.54938
1.07077
-0.2869
0.170232
0.021518
0.97098
1.07989
0.536858
0.200912
-0.138018
-1.54938
1.07691
-0.291502
0.154892
0.0307219
0.97098
1.09063
0.532256
0.200912
-0.138018
-1.54938
1.08458
-0.293036
0.14262
0.0322559
0.97098
1.09984
0.527654
0.200912
-0.138018
-1.54938
1.09225
-0.293036
0.139552
0.0322559
0.97098
1.10751
0.523052
0.200912
-0.138018
-1.54938
1.09992
-0.291502
0.139552
0.0322559
0.97098
1.11518
0.516916
0.202446
-0.138018
-1.54938
1.10759
-0.288434
0.139552
0.0322559
0.97098
1.12438
0.51078
0.200912
-0.139552
-1.54938
1.11526
-0.2869
0.139552
0.0322559
0.972514
1.13358
0.506178
0.200912
-0.139552
-1.54938
1.12293
-0.285366
0.139552
0.0322559
0.97098
1.14432
0.500042
0.200912
-0.139552
-1.54938
1.13213
-0.282298
0.139552
0.0322559
0.97098
1.15506
0.493906
0.200912
-0.141086
-1.54938
1.14594
-0.280764
0.139552
0.0322559
0.97098
1.1658
0.48777
0.202446
-0.141086
-1.54938
1.16435
-0.277696
0.139552
0.0322559
0.972514
1.17654
0.483168
0.202446
-0.141086
-1.54938
1.18276
-0.273094
0.139552
0.0322559
0.97098
1.19034
0.477032
0.200912
-0.14262
-1.54938
1.1981
-0.268492
0.139552
0.0322559
0.972514
1.20875
0.467828
0.200912
-0.14262
-1.54938
1.21497
-0.262356
0.139552
0.0337899
0.97098
1.22409
0.461692
0.200912
-0.14262
-1.54938
1.23184
-0.257754
0.139552
0.0322559
0.97098
1.2425
0.450954
0.200912
-0.14262
-1.54938
1.25179
-0.251618
0.139552
0.0322559
0.97098
1.26704
0.438682
0.200912
-0.141086
-1.55092
1.26866
-0.245482
0.139552
0.0337899
0.972514
1.28698
0.429478
0.199378
-0.141086
-1.55398
1.28707
-0.239346
0.139552
0.0322559
0.972514
1.30846
0.420274
0.199378
-0.139552
-1.55705
1.30548
-0.231676
0.139552
0.0322559
0.974048
1.32533
0.41107
0.193242
-0.138018
-1.55705
1.32235
-0.224006
0.139552
0.0337899
0.980184
1.33914
0.398798
0.193242
-0.136484
-1.55705
1.33922
-0.21787
0.141086
0.0337899
0.98632
1.35295
0.386526
0.191708
-0.138018
-1.56012
1.35303
-0.213268
0.139552
0.0322559
0.998592
1.36215
0.375788
0.193242
-0.138018
-1.56012
1.36377
-0.211734
0.139552
0.0322559
1.00933
1.36982
0.366584
0.191708
-0.138018
-1.56165
1.37297
-0.211734
0.141086
0.0322559
1.0124
1.37749
0.35738
0.191708
-0.139552
-1.56472
1.38371
-0.211734
0.139552
0.0322559
1.01547
1.38516
0.346642
0.191708
-0.141086
-1.56779
1.39138
-0.211734
0.139552
0.0322559
1.01393
1.3959
0.335904
0.191708
-0.141086
-1.57239
1.40058
-0.214802
0.141086
0.0322559
1.01547
1.40203
0.3267
0.191708
-0.14262
-1.57546
1.40672
-0.21787
0.139552
0.0322559
1.01547
1.40664
0.31903
0.191708
-0.14262
-1.58006
1.41439
-0.220938
0.141086
0.0322559
1.01547
1.41124
0.312894
0.191708
-0.147222
-1.5816
1.42053
-0.222472
0.141086
0.0322559
1.01547
1.41737
0.306758
0.191708
-0.148756
-1.58313
1.42513
-0.224006
0.139552
0.0337899
1.01547
1.42658
0.300622
0.191708
-0.15029
-1.58313
1.42973
-0.22554
0.139552
0.0337899
1.01393
1.43425
0.297554
0.191708
-0.15029
-1.58466
1.43433
-0.227074
0.139552
0.0322559
1.01547
1.44345
0.292952
0.191708
-0.15029
-1.58466
1.44047
-0.228608
0.139552
0.0322559
1.01547
1.45266
0.28835
0.191708
-0.15029
-1.58466
1.4466
-0.227074
0.141086
0.0322559
1.01547
1.46493
0.282214
0.191708
-0.15029
-1.5862
1.45274
-0.228608
0.139552
0.0322559
1.01547
1.4726
0.28068
0.191708
-0.15029
-1.58773
1.46041
-0.227074
0.139552
0.0322559
1.01547
1.48027
0.277612
0.191708
-0.15029
-1.58773
1.46808
-0.227074
0.139552
0.0322559
1.01547
1.48794
0.274544
0.191708
-0.15029
-1.58773
1.47575
-0.224006
0.141086
0.0322559
1.01547
1.49561
0.271476
0.191708
-0.153358
-1.58927
1.48342
-0.222472
0.139552
0.0337899
1.01547
1.50328
0.269942
0.191708
-0.154892
-1.5908
1.49109
-0.220938
0.141086
0.0322559
1.017
1.51248
0.266874
0.191708
-0.156426
-1.59233
1.50029
-0.21787
0.139552
0.0322559
1.01853
1.51708
0.26534
0.191708
-0.15796
-1.5954
1.50796
-0.214802
0.139552
0.0322559
1.02007
1.52322
0.262272
0.191708
-0.159494
-1.59847
1.51563
-0.213268
0.141086
0.0322559
1.0216
1.52782
0.260738
0.191708
-0.162562
-1.6
1.52177
-0.2102
0.141086
0.0322559
1.02314
1.53242
0.259204
0.191708
-0.16563
-1.60307
1.52944
-0.207132
0.141086
0.0322559
1.0262
1.53703
0.25767
0.191708
-0.168698
-1.60461
1.53558
-0.205598
0.141086
0.0322559
1.0262
1.54163
0.256136
0.191708
-0.171766
-1.60614
1.54018
-0.20253
0.141086
0.0322559
1.02774
1.54776
0.254602
0.191708
-0.174834
-1.60921
1.54631
-0.200996
0.139552
0.0337899
1.02774
1.55083
0.253068
0.191708
-0.177902
-1.60921
1.55092
-0.199462
0.141086
0.0322559
1.02927
1.55697
0.251534
0.191708
-0.18097
-1.61074
1.55705
-0.197928
0.139552
0.0322559
1.02927
1.56157
0.251534
0.191708
-0.184038
-1.61228
1.56012
-0.196394
0.141086
0.0322559
1.02927
1.56464
0.25
0.191708
-0.18864
-1.61228
1.56626
-0.19486
0.139552
0.0322559
1.02927
1.56924
0.248466
0.191708
-0.191708
-1.61381
1.57086
-0.193326
0.141086
0.0337899
1.02927
1.57384
0.245398
0.191708
-0.194776
-1.61534
1.57699
-0.191792
0.139552
0.0337899
1.03081
1.57691
0.243864
0.191708
-0.199378
-1.61534
1.5816
-0.190258
0.141086
0.0337899
1.03081
1.58151
0.240796
0.191708
-0.202446
-1.61534
1.58773
-0.18719
0.139552
0.0337899
1.02927
1.58458
0.237728
0.191708
-0.205514
-1.61534
1.59233
-0.185656
0.139552
0.0368581
1.02927
1.58765
0.23466
0.191708
-0.208582
-1.61534
1.59694
-0.182588
0.139552
0.0383921
1.03081
1.59072
0.231592
0.191708
-0.21165
-1.61534
1.60307
-0.17952
0.139552
0.0383921
1.03081
1.59378
0.228524
0.190174
-0.216252
-1.61534
1.60767
-0.174918
0.139552
0.0383921
1.02927
1.59685
0.22699
0.190174
-0.21932
-1.61688
1.61228
-0.17185
0.139552
0.0383921
1.02927
1.59992
0.223922
0.191708
-0.222388
-1.61688
1.61841
-0.168782
0.141086
0.0383921
1.03081
1.60299
0.222388
0.191708
-0.225456
-1.61688
1.62301
-0.165714
0.141086
0.0383921
1.02927
1.60606
0.21932
0.191708
-0.228524
-1.61688
1.62762
-0.162646
0.139552
0.0383921
1.03081
1.60759
0.21932
0.191708
-0.231592
-1.61688
1.63222
-0.159578
0.139552
0.0383921
1.03081
1.61066
0.217786
0.190174
-0.23466
-1.61688
1.63682
-0.158044
0.141086
0.0383921
1.03081
1.61373
0.214718
0.190174
-0.236194
-1.61534
1.64142
-0.15651
0.139552
0.0383921
1.03081
1.61679
0.214718
0.191708
-0.237728
-1.61688
1.64602
-0.154976
0.139552
0.0368581
1.03081
1.61986
0.214718
0.190174
-0.239262
-1.61688
1.65216
-0.153442
0.139552
0.0383921
1.03081
1.62293
0.214718
0.191708
-0.240796
-1.61688
1.65676
-0.151908
0.139552
0.0368581
1.03081
1.626
0.214718
0.191708
-0.24233
-1.61688
1.66136
-0.150374
0.139552
0.0383921
1.02927
1.6306
0.216252
0.191708
-0.24233
-1.61534
1.66597
-0.150374
0.139552
0.0368581
1.02927
1.63674
0.216252
0.190174
-0.24233
-1.61688
1.6721
-0.150374
0.141086
0.0383921
1.02927
1.64134
0.216252
0.191708
-0.24233
-1.61688
1.67824
-0.147306
0.139552
0.0383921
1.02927