1.7119
0.11961
-0.0521979
-0.0199001
-1.85311
1.62762
-0.0782759
1.49101
0.0153821
-1.52484
1.7119
0.11961
-0.0506639
-0.0199001
-1.85311
1.62762
-0.0767419
1.48947
0.016916
-1.52637
1.7119
0.11961
-0.0521979
-0.0199001
-1.85311
1.62762
-0.0767419
1.48794
0.0153821
-1.52791
1.7119
0.11961
-0.0521979
-0.0199001
-1.85311
1.62762
-0.0767419
1.48794
0.0153821
-1.52791
1.7119
0.11961
-0.0521979
-0.0199001
-1.85311
1.62762
-0.0767419
1.48794
0.0153821
-1.52944
1.7119
0.11961
-0.0521979
-0.0199001
-1.85311
1.62762
-0.0767419
1.48794
0.0153821
-1.53097
1.7119
0.11961
-0.0521979
-0.0199001
-1.85311
1.62762
-0.0767419
1.48794
0.0153821
-1.53097
1.7119
0.11961
-0.0521979
-0.0199001
-1.85311
1.62762
-0.0767419
1.48794
0.0153821
-1.53097
1.7119
0.11961
-0.0521979
-0.0199001
-1.85311
1.62762
-0.0782759
1.48794
0.0153821
-1.53251
1.7119
0.11961
-0.0506639
-0.0199001
-1.85311
1.62762
-0.0782759
1.48794
0.0153821
-1.53404
1.7119
0.11961
-0.0521979
-0.0199001
-1.85311
1.62762
-0.0767419
1.48794
0.0153821
-1.53404
1.7119
0.11961
-0.0521979
-0.0199001
-1.85311
1.62762
-0.0767419
1.48794
0.0153821
-1.53558
1.7119
0.11961
-0.0521979
-0.0199001
-1.85311
1.62762
-0.0767419
1.4864
0.0153821
-1.53558
1.7119
0.11961
-0.0521979
-0.0199001
-1.85311
1.62762
-0.0767419
1.4864
0.0153821
-1.53558
1.7119
0.11961
-0.0521979
-0.0199001
-1.85311
1.62915
-0.0767419
1.4864
0.0153821
-1.53558
1.7119
0.11961
-0.0521979
-0.0199001
-1.85311
1.62762
-0.0767419
1.4864
0.0153821
-1.53558
1.7119
0.11961
-0.0521979
-0.0199001
-1.85311
1.62762
-0.0767419
1.4864
0.0153821
-1.53558
1.7119
0.11961
-0.0521979
-0.0199001
-1.85311
1.62762
-0.0767419
1.4864
0.0153821
-1.53558
1.7119
0.11961
-0.0521979
-0.0199001
-1.85311
1.62762
-0.0767419
1.4864
0.0153821
-1.53558
1.7119
0.11961
-0.0521979
-0.0199001
-1.85311
1.62915
-0.0767419
1.4864
0.0153821
-1.53558
1.7119
0.11961
-0.0521979
-0.0199001
-1.85311
1.62762
-0.0782759
1.4864
0.0153821
-1.53558
1.7119
0.11961
-0.0521979
-0.0199001
-1.85311
1.62762
-0.0798099
1.4864
0.0153821
-1.53558
1.7119
0.11961
-0.0521979
-0.0199001
-1.85311
1.62762
-0.0813439
1.48487
0.0153821
-1.53711
1.7119
0.11961
-0.0521979
-0.0199001
-1.85311
1.62762
-0.0828779
1.48487
0.0153821
-1.53864
1.7119
0.11961
-0.0521979
-0.0199001
-1.85311
1.62915
-0.0859461
1.48334
0.0138481
-1.54018
1.7119
0.11961
-0.0506639
-0.0199001
-1.85311
1.62762
-0.0874801
1.4818
0.0153821
-1.54171
1.7119
0.11961
-0.0506639
-0.0199001
-1.85311
1.62762
-0.0890141
1.4818
0.0153821
-1.54325
1.7119
0.11961
-0.0521979
-0.0199001
-1.85311
1.62762
-0.092082
1.4818
0.0153821
-1.54478
1.7119
0.11961
-0.0521979
-0.0199001
-1.85311
1.62762
-0.093616
1.47873
0.0153821
-1.54631
1.7119
0.11961
-0.0521979
-0.0199001
-1.85311
1.62762
-0.096684
1.47873
0.021518
-1.54631
1.7119
0.11961
-0.0506639
-0.0199001
-1.85311
1.62915
-0.0997519
1.4772
0.0261199
-1.54785
1.71344
0.11961
-0.0521979
-0.0199001
-1.85311
1.62762
-0.101286
1.4772
0.0291879
-1.54938
1.7119
0.11961
-0.0521979
-0.0199001
-1.85311
1.62762
-0.104354
1.4772
0.0322559
-1.54938
1.7119
0.11961
-0.0521979
-0.0199001
-1.85311
1.62762
-0.105888
1.47567
0.0368581
-1.55092
1.7119
0.11961
-0.0521979
-0.0199001
-1.85311
1.62762
-0.105888
1.47567
0.04146
-1.55092
1.7119
0.11961
-0.0521979
-0.0199001
-1.85311
1.62455
-0.107422
1.47567
0.044528
-1.55092
1.7119
0.11961
-0.0521979
-0.0199001
-1.85311
1.62148
-0.105888
1.47567
0.04913
-1.55092
1.7119
0.11961
-0.0521979
-0.0199001
-1.85311
1.61995
-0.105888
1.47567
0.0537319
-1.55092
1.7119
0.11961
-0.0506639
-0.0199001
-1.85311
1.61688
-0.105888
1.47567
0.0567999
-1.55092
1.71344
0.11961
-0.0521979
-0.0199001
-1.85311
1.61534
-0.105888
1.47567
0.0629361
-1.55092
1.7119
0.11961
-0.0521979
-0.0199001
-1.85311
1.61228
-0.105888
1.47567
0.067538
-1.55092
1.7119
0.11961
-0.0521979
-0.0199001
-1.85311
1.60921
-0.107422
1.47567
0.07214
-1.55092
1.7119
0.11961
-0.0506639
-0.0199001
-1.85311
1.60767
-0.105888
1.47567
0.0782759
-1.55092
1.7119
0.11961
-0.0521979
-0.0199001
-1.85311
1.60614
-0.105888
1.47567
0.0844119
-1.55092
1.7119
0.11961
-0.0521979
-0.0199001
-1.85311
1.60461
-0.105888
1.47567
0.090548
-1.55092
1.7119
0.11961
-0.0521979
-0.0199001
-1.85311
1.60154
-0.104354
1.47567
0.096684
-1.55092
1.7119
0.11961
-0.0521979
-0.0199001
-1.85311
1.59847
-0.104354
1.47413
0.104354
-1.55245
1.7119
0.11961
-0.0521979
-0.0199001
-1.85311
1.5954
-0.104354
1.47413
0.112024
-1.55245
1.7119
0.11961
-0.0521979
-0.0199001
-1.85311
1.58927
-0.104354
1.47413
0.119694
-1.55245
1.71344
0.11961
-0.0521979
-0.0199001
-1.85311
1.58466
-0.104354
1.47413
0.127364
-1.55245
1.7119
0.11961
-0.0521979
-0.0199001
-1.85311
1.58006
-0.104354
1.47413
0.136568
-1.55245
1.7119
0.11961
-0.0521979
-0.0199001
-1.85311
1.57393
-0.10282
1.47413
0.145772
-1.55398
1.71344
0.11961
-0.0521979
-0.0199001
-1.85311
1.56779
-0.10282
1.47413
0.154976
-1.55398
1.7119
0.11961
-0.0521979
-0.0199001
-1.85311
1.56319
-0.10282
1.47413
0.16418
-1.55398
1.7119
0.11961
-0.0521979
-0.0199001
-1.85311
1.55705
-0.104354
1.47413
0.177986
-1.55552
1.7119
0.11961
-0.0521979
-0.0199001
-1.85311
1.55552
-0.104354
1.47413
0.207132
-1.55552
1.7119
0.11961
-0.0521979
-0.0199001
-1.85311
1.55398
-0.105888
1.47413
0.242414
-1.55552
1.7119
0.11961
-0.0521979
-0.0199001
-1.85311
1.55398
-0.107422
1.47413
0.289968
-1.55705
1.71344
0.11961
-0.0521979
-0.0199001
-1.85311
1.55398
-0.11049
1.47413
0.334454
-1.55859
1.7119
0.11961
-0.0506639
-0.0199001
-1.85311
1.55398
-0.113558
1.47413
0.377406
-1.55859
1.7119
0.11961
-0.0521979
-0.0199001
-1.85311
1.55245
-0.115092
1.47413
0.408086
-1.55705
1.7119
0.11961
-0.0506639
-0.0199001
-1.85311
1.54785
-0.115092
1.47413
0.435698
-1.55552
1.7119
0.11961
-0.0521979
-0.0199001
-1.85311
1.54478
-0.115092
1.47413
0.460242
-1.55398
1.7119
0.11961
-0.0521979
-0.0199001
-1.85311
1.54018
-0.113558
1.47413
0.487854
-1.55092
1.71344
0.11961
-0.0521979
-0.0199001
-1.85311
1.53558
-0.113558
1.47413
0.50166
-1.54938
1.71344
0.11961
-0.0521979
-0.0199001
-1.85311
1.53097
-0.113558
1.47413
0.515466
-1.54785
1.7119
0.11961
-0.0521979
-0.0199001
-1.85311
1.52484
-0.113558
1.47413
0.526204
-1.54631
1.71344
0.11961
-0.0521979
-0.0199001
-1.85311
1.5187
-0.113558
1.47413
0.536942
-1.54631
1.7119
0.11961
-0.0521979
-0.0199001
-1.85311
1.51103
-0.113558
1.47413
0.546146
-1.54631
1.7119
0.11961
-0.0506639
-0.0199001
-1.85311
1.50336
-0.113558
1.47413
0.553816
-1.54631
1.7119
0.11961
-0.0521979
-0.0199001
-1.85311
1.49569
-0.113558
1.47413
0.561486
-1.54631
1.7119
0.11961
-0.0506639
-0.0199001
-1.85311
1.48495
-0.115092
1.47413
0.564554
-1.54631
1.7119
0.11961
-0.0506639
-0.0199001
-1.85311
1.47422
-0.113558
1.47413
0.569156
-1.54478
1.7119
0.11961
-0.0521979
-0.0199001
-1.85311
1.46041
-0.113558
1.47413
0.576826
-1.54478
1.7119
0.11961
-0.0506639
-0.0199001
-1.85311
1.4466
-0.113558
1.47413
0.581428
-1.54631
1.71344
0.11961
-0.0521979
-0.0199001
-1.85311
1.42513
-0.113558
1.47413
0.582962
-1.54478
1.7119
0.11961
-0.0521979
-0.0199001
-1.85311
1.39752
-0.112024
1.47567
0.581428
-1.54631
1.7119
0.11961
-0.0521979
-0.0199001
-1.85311
1.3699
-0.112024
1.47567
0.579894
-1.54478
1.7119
0.11961
-0.0521979
-0.0199001
-1.85311
1.34076
-0.112024
1.47567
0.579894
-1.54631
1.7119
0.11961
-0.0521979
-0.0199001
-1.85311
1.31161
-0.112024
1.47567
0.57836
-1.54631
1.7119
0.11961
-0.0521979
-0.0199001
-1.85311
1.2886
-0.113558
1.47567
0.57836
-1.54631
1.7119
0.11961
-0.0521979
-0.0199001
-1.85311
1.26099
-0.115092
1.47567
0.57836
-1.54478
1.7119
0.11961
-0.0521979
-0.0199001
-1.85311
1.23798
-0.116626
1.47567
0.57836
-1.54478
1.7119
0.11961
-0.0521979
-0.0199001
-1.85311
1.2119
-0.116626
1.47567
0.57836
-1.54478
1.7119
0.11961
-0.0521979
-0.0199001
-1.85311
1.18429
-0.115092
1.47567
0.57836
-1.54631
1.7119
0.11961
-0.0521979
-0.0199001
-1.85311
1.15668
-0.113558
1.47567
0.57836
-1.54478
1.7119
0.11961
-0.0521979
-0.0199001
-1.85311
1.12753
-0.108956
1.47567
0.57836
-1.54631
1.71344
0.11961
-0.0521979
-0.0199001
-1.85311
1.10145
-0.105888
1.47567
0.57836
-1.54631
1.7119
0.11961
-0.0521979
-0.0199001
-1.85311
1.07538
-0.0997519
1.47567
0.579894
-1.54631
1.7119
0.11961
-0.0521979
-0.0199001
-1.85311
1.05237
-0.096684
1.47567
0.584496
-1.54631
1.71344
0.11961
-0.0521979
-0.0199001
-1.85311
1.02936
-0.092082
1.47567
0.589098
-1.54785
1.7119
0.11961
-0.0506639
-0.0199001
-1.85311
1.00941
-0.0874801
1.47567
0.5937
-1.54938
1.7119
0.11961
-0.0521979
-0.0199001
-1.85311
0.989472
-0.0844119
1.47567
0.598302
-1.54938
1.7119
0.11961
-0.0506639
-0.0199001
-1.85311
0.972598
-0.0828779
1.47567
0.602904
-1.54938
1.7119
0.11961
-0.0521979
-0.0199001
-1.85311
0.957258
-0.0813439
1.47567
0.60904
-1.54938
1.71344
0.11961
-0.0521979
-0.0199001
-1.85311
0.94652
-0.0798099
1.47413
0.618244
-1.55092
1.7119
0.11961
-0.0521979
-0.0199001
-1.85311
0.935782
-0.0813439
1.47413
0.62438
-1.55092
1.7119
0.11961
-0.0521979
-0.0199001
-1.85311
0.921976
-0.0798099
1.47413
0.630516
-1.55092
1.7119
0.11961
-0.0506639
-0.0199001
-1.85311
0.911238
-0.0767419
1.47567
0.636652
-1.55092
1.7119
0.11961
-0.0506639
-0.0199001
-1.85311
0.902034
-0.073674
1.47413
0.645856
-1.55092
1.7119
0.11961
-0.0521979
-0.0199001
-1.85311
0.894364
-0.07214
1.47413
0.65506
-1.55092
1.7119
0.11961
-0.0521979
-0.0199001
-1.85311
0.88516
-0.070606
1.47413
0.664264
-1.55092
1.7119
0.11961
-0.0521979
-0.0199001
-1.85311
0.87749
-0.069072
1.47413
0.675002
-1.55092
1.7119
0.11961
-0.0521979
-0.0199001
-1.85311
0.86982
-0.066004
1.47413
0.690342
-1.55092
1.7119
0.11961
-0.0521979
-0.0199001
-1.85311
0.866752
-0.066004
1.47413
0.717954
-1.55092
1.7119
0.11961
-0.0521979
-0.0199001
-1.85311
0.866752
-0.0644701
1.47413
0.757838
-1.54938
1.7119
0.11961
-0.0521979
-0.0199001
-1.85311
0.866752
-0.0598679
1.47413
0.796188
-1.54785
1.7119
0.11961
-0.0506639
-0.0199001
-1.85311
0.866752
-0.0552659
1.47413
0.833004
-1.54478
1.7119
0.11961
-0.0521979
-0.0199001
-1.85311
0.866752
-0.04913
1.47413
0.860616
-1.54478
1.7119
0.11961
-0.0521979
-0.0199001
-1.85311
0.866752
-0.044528
1.47413
0.889762
-1.54478
1.7119
0.11961
-0.0521979
-0.0199001
-1.85311
0.866752
-0.04146
1.4726
0.91584
-1.54325
1.7119
0.11961
-0.0506639
-0.0199001
-1.85311
0.866752
-0.0383921
1.46953
0.943452
-1.54325
1.7119
0.11961
-0.0521979
-0.0199001
-1.85311
0.866752
-0.0368581
1.46493
0.966462
-1.54478
1.7119
0.11961
-0.0521979
-0.0199001
-1.85311
0.865218
-0.0383921
1.45879
0.987938
-1.54478
1.7119
0.11961
-0.0506639
-0.0199001
-1.85311
0.863684
-0.0383921
1.45112
1.01095
-1.54478
1.7119
0.11961
-0.0521979
-0.0199001
-1.85311
0.86215
-0.0383921
1.44345
1.03089
-1.54478
1.7119
0.11961
-0.0521979
-0.0199001
-1.85311
0.859082
-0.0383921
1.43732
1.0493
-1.54478
1.7119
0.11961
-0.0521979
-0.0199001
-1.85311
0.85448
-0.0383921
1.43118
1.0631
-1.54478
1.7119
0.11961
-0.0521979
-0.0199001
-1.85311
0.848344
-0.0383921
1.42811
1.07538
-1.54478
1.7119
0.11961
-0.0521979
-0.0199001
-1.85311
0.842208
-0.0383921
1.42658
1.08458
-1.54478
1.7119
0.11961
-0.0521979
-0.0199001
-1.85311
0.834538
-0.0399261
1.42504
1.09225
-1.54478
1.7119
0.11961
-0.0521979
-0.0199001
-1.85311
0.829936
-0.0383921
1.42351
1.09992
-1.54631
1.7119
0.11961
-0.0521979
-0.0199001
-1.85311
0.8238
-0.0383921
1.42198
1.11373
-1.54631
1.7119
0.11961
-0.0521979
-0.0199001
-1.85311
0.820732
-0.0383921
1.42044
1.1352
-1.54631
1.7119
0.11961
-0.0521979
-0.0199001
-1.85311
0.817664
-0.0383921
1.41891
1.16128
-1.54631
1.71344
0.11961
-0.0521979
-0.0199001
-1.85311
0.814596
-0.0383921
1.41891
1.18582
-1.54631
1.7119
0.11961
-0.0521979
-0.0199001
-1.85311
0.813062
-0.0383921
1.41891
1.20423
-1.54785
1.7119
0.11961
-0.0521979
-0.0199001
-1.85311
0.809994
-0.0399261
1.41891
1.22417
-1.54785
1.7119
0.11961
-0.0521979
-0.0199001
-1.85311
0.805392
-0.0399261
1.41891
1.23951
-1.54785
1.7119
0.11961
-0.0521979
-0.0199001
-1.85311
0.80079
-0.0399261
1.41891
1.25639
-1.54938
1.71344
0.11961
-0.0506639
-0.0199001
-1.85311
0.796188
-0.0399261
1.41891
1.26866
-1.54938
1.7119
0.11961
-0.0506639
-0.0199001
-1.85311
0.791586
-0.0399261
1.41737
1.27633
-1.55092
1.7119
0.11961
-0.0521979
-0.0199001
-1.85311
0.786984
-0.0399261
1.41737
1.284
-1.55398
1.7119
0.11961
-0.0521979
-0.0199001
-1.85311
0.783916
-0.0399261
1.41737
1.29167
-1.56012
1.7119
0.11961
-0.0521979
-0.0199001
-1.85311
0.779314
-0.0399261
1.41737
1.30087
-1.56319
1.7119
0.11961
-0.0506639
-0.0199001
-1.85311
0.77778
-0.0399261
1.41737
1.31008
-1.56626
1.7119
0.11961
-0.0521979
-0.0199001
-1.85311
0.774712
-0.0399261
1.41584
1.31928
-1.56626
1.7119
0.11961
-0.0521979
-0.0199001
-1.85311
0.773178
-0.0399261
1.41584
1.32849
-1.56626
1.71344
0.11961
-0.0521979
-0.0199001
-1.85311
0.77011
-0.0399261
1.41431
1.34229
-1.56626
1.71344
0.11961
-0.0521979
-0.0199001
-1.85311
0.77011
-0.0399261
1.41584
1.36377
-1.56932
1.7119
0.11961
-0.0521979
-0.0199001
-1.85311
0.77011
-0.04146
1.41431
1.39138
-1.57393
1.7119
0.11961
-0.0506639
-0.0199001
-1.85311
0.77011
-0.04146
1.41431
1.41592
-1.58006
1.7119
0.11961
-0.0521979
-0.0199001
-1.85311
0.77011
-0.042994
1.41431
1.4374
-1.5862
1.7119
0.11961
-0.0521979
-0.0199001
-1.85311
0.77011
-0.044528
1.41431
1.45274
-1.5954
1.7119
0.11961
-0.0521979
-0.0199001
-1.85311
0.77011
-0.046062
1.41431
1.46961
-1.60307
1.7119
0.11961
-0.0506639
-0.0199001
-1.85311
0.77011
-0.046062
1.41277
1.48342
-1.61381
1.7119
0.11961
-0.0521979
-0.0199001
-1.85311
0.77011
-0.04913
1.4097
1.49416
-1.62148
1.7119
0.11961
-0.0506639
-0.0199001
-1.85311
0.77011
-0.0521979
1.4097
1.49876
-1.62762
1.71344
0.11961
-0.0521979
-0.0199001
-1.85311
0.768576
-0.0537319
1.40817
1.50183
-1.63068
1.7119
0.11961
-0.0506639
-0.0199001
-1.85311
0.765508
-0.0567999
1.40817
1.50643
-1.63375
1.7119
0.11961
-0.0521979
-0.0199001
-1.85311
0.763974
-0.0598679
1.40817
1.51103
-1.63682
1.71344
0.11961
-0.0506639
-0.0183661
-1.85311
0.76244
-0.0629361
1.40817
1.5141
-1.63835
1.71344
0.11961
-0.0521979
-0.0183661
-1.85311
0.759372
-0.069072
1.40817
1.5187
-1.63989
1.71344
0.11961
-0.0521979
-0.0183661
-1.85311
0.757838
-0.073674
1.40817
1.52484
-1.64296
1.71344
0.11961
-0.0506639
-0.0199001
-1.85311
0.756304
-0.0798099
1.4097
1.52944
-1.64909
1.7165
0.11961
-0.0521979
-0.0199001
-1.85311
0.753236
-0.0828779
1.41124
1.53097
-1.65063
1.71804
0.11961
-0.0521979
-0.0183661
-1.85311
0.751702
-0.0828779
1.41124
1.53097
-1.65063
1.72111
0.118076
-0.0521979
-0.0199001
-1.85311
0.7471
-0.0828779
1.41124
1.53558
-1.65063
1.72417
0.118076
-0.0521979
-0.0199001
-1.85311
0.7471
-0.0813439
1.41124
1.54171
-1.65216
1.72571
0.118076
-0.0506639
-0.0199001
-1.85311
0.744032
-0.0798099
1.40357
1.54631
-1.65369
1.72724
0.118076
-0.0521979
-0.0183661
-1.85311
0.740964
-0.0813439
1.39743
1.54785
-1.65983
1.72878
0.118076
-0.0521979
-0.0199001
-1.85311
0.734828
-0.0798099
1.39436
1.54785
-1.6675
1.72878
0.118076
-0.0521979
-0.0183661
-1.85311
0.727158
-0.0813439
1.3913
1.54785
-1.67364
1.72878
0.118076
-0.0521979
-0.0183661
-1.85311
0.717954
-0.0813439
1.38976
1.54785
-1.68131
1.72878
0.118076
-0.0521979
-0.0183661
-1.85311
0.70875
-0.0798099
1.38976
1.54785
-1.68591
1.72878
0.118076
-0.0521979
-0.0183661
-1.85311
0.699546
-0.0813439
1.38976
1.54785
-1.68744
1.72878
0.118076
-0.0521979
-0.0183661
-1.85311
0.690342
-0.0813439
1.38976
1.54785
-1.68744
1.72878
0.11961
-0.0521979
-0.0199001
-1.85311
0.684206
-0.0813439
1.38976
1.54785
-1.68744
1.72878
0.11961
-0.0521979
-0.0183661
-1.85311
0.681138
-0.0798099
1.38976
1.54785
-1.68744
1.72878
0.11961
-0.0521979
-0.0199001
-1.85311
0.679604
-0.0813439
1.38976
1.54785
-1.68744
1.72878
0.11961
-0.0521979
-0.0199001
-1.85311
0.67807
-0.0813439
1.38976
1.54785
-1.68898
1.72878
0.118076
-0.0521979
-0.0199001
-1.85311
0.676536
-0.0813439
1.38976
1.54785
-1.68744
1.72724
0.11961
-0.0521979
-0.0199001
-1.85311
0.675002
-0.0813439
1.38976
1.54785
-1.68898
1.72878
0.118076
-0.0521979
-0.0199001
-1.85311
0.671934
-0.0813439
1.38976
1.54785
-1.68898
1.72878
0.11961
-0.0521979
-0.0199001
-1.85311
0.668866
-0.0813439
1.38976
1.54785
-1.68744
1.72878
0.11961
-0.0521979
-0.0199001
-1.85311
0.665798
-0.0813439
1.38976
1.54785
-1.68744
1.72878
0.11961
-0.0521979
-0.0199001
-1.85311
0.66273
-0.0813439
1.38976
1.54785
-1.68898
1.72878
0.11961
-0.0521979
-0.0199001
-1.85311
0.659662
-0.0798099
1.38976
1.54785
-1.68898
1.72878
0.11961
-0.0521979
-0.0199001
-1.85311
0.656594
-0.0813439
1.38976
1.54785
-1.68744
1.72878
0.11961
-0.0521979
-0.0199001
-1.85311
0.653526
-0.0813439
1.38976
1.54785
-1.68744
1.72878
0.11961
-0.0521979
-0.0199001
-1.85311
0.648924
-0.0798099
1.38976
1.54785
-1.68744
1.72878
0.11961
-0.0521979
-0.0199001
-1.85311
0.64739
-0.0813439
1.38976
1.54785
-1.68744
1.72878
0.11961
-0.0521979
-0.0199001
-1.85311
0.644322
-0.0813439
1.38976
1.54785
-1.68898
1.72878
0.11961
-0.0521979
-0.0199001
-1.85311
0.641254
-0.0813439
1.38976
1.54785
-1.68898
1.72878
0.11961
-0.0521979
-0.0199001
-1.85311
0.638186
-0.0798099
1.38976
1.54785
-1.68898
1.72878
0.11961
-0.0521979
-0.0199001
-1.85311
0.635118
-0.0813439
1.38976
1.54785
-1.68898
1.72878
0.11961
-0.0521979
-0.0199001
-1.85311
0.63205
-0.0813439
1.38976
1.54785
-1.68744
1.72878
0.11961
-0.0521979
-0.0199001
-1.85311
0.630516
-0.0798099
1.38976
1.54785
-1.68898
1.72878
0.11961
-0.0521979
-0.0199001
-1.85311
0.628982
-0.0798099
1.38976
1.54785
-1.68898
1.72878
0.118076
-0.0506639
-0.0199001
-1.85311
0.628982
-0.0798099
1.38976
1.54785
-1.68898
1.72878
0.118076
-0.0506639
-0.0214341
-1.85311
0.628982
-0.0798099
1.38976
1.54785
-1.68898
1.72878
0.11961
-0.0521979
-0.0199001
-1.85311
0.627448
-0.0782759
1.38976
1.54785
-1.68898
1.72878
0.11961
-0.0521979
-0.0199001
-1.85311
0.627448
-0.0752079
1.38976
1.54785
-1.68898
1.72878
0.118076
-0.0521979
-0.0199001
-1.85311
0.627448
-0.07214
1.38976
1.54785
-1.68898
1.72878
0.11961
-0.0521979
-0.0199001
-1.85311
0.627448
-0.069072
1.38976
1.54785
-1.68898
1.72878
0.11961
-0.0521979
-0.0199001
-1.85311
0.627448
-0.067538
1.38976
1.54785
-1.68898
1.72878
0.118076
-0.0521979
-0.0199001
-1.85311
0.627448
-0.066004
1.38976
1.54785
-1.68898
1.72878
0.118076
-0.0521979
-0.0199001
-1.85311
0.627448
-0.0644701
1.38976
1.54785
-1.68898
1.72878
0.11961
-0.0506639
-0.0199001
-1.85311
0.627448
-0.0629361
1.38976
1.54785
-1.68898
1.72878
0.118076
-0.0521979
-0.0199001
-1.85311
0.627448
-0.0598679
1.38976
1.54785
-1.68898
1.72878
0.11961
-0.0521979
-0.0199001
-1.85311
0.627448
-0.0567999
1.38976
1.54785
-1.68744
1.72878
0.11961
-0.0521979
-0.0214341
-1.85311
0.627448
-0.0537319
1.38976
1.54785
-1.68898
1.72878
0.11961
-0.0506639
-0.0199001
-1.85311
0.627448
-0.0506639
1.38976
1.54785
-1.68898
1.72878
0.11961
-0.0521979
-0.0199001
-1.85311
0.627448
-0.0506639
1.38976
1.54785
-1.68898
1.72878
0.118076
-0.0506639
-0.0199001
-1.85311
0.627448
-0.0506639
1.38976
1.54785
-1.69051
1.72878
0.118076
-0.0521979
-0.0199001
-1.85311
0.627448
-0.0506639
1.38976
1.54785
-1.69204
1.72878
0.11961
-0.0506639
-0.0199001
-1.85311
0.627448
-0.0506639
1.38976
1.54785
-1.69665
1.72878
0.11961
-0.0521979
-0.0199001
-1.85311
0.627448
-0.0506639
1.38976
1.54785
-1.70585
1.72878
0.11961
-0.0521979
-0.0199001
-1.85311
0.628982
-0.0506639
1.38976
1.54785
-1.72272
1.72878
0.118076
-0.0506639
-0.0199001
-1.85311
0.628982
-0.0506639
1.38976
1.54785
-1.73346
1.72878
0.118076
-0.0521979
-0.0199001
-1.85311
0.630516
-0.0506639
1.39436
1.54631
-1.73653
1.72878
0.11961
-0.0521979
-0.0199001
-1.85311
0.633584
-0.0506639
1.39897
1.54478
-1.7396
1.72878
0.118076
-0.0521979
-0.0199001
-1.85311
0.635118
-0.04913
1.39897
1.53404
-1.7396
1.72878
0.11961
-0.0506639
-0.0199001
-1.85311
0.635118
-0.044528
1.40357
1.52177
-1.7396
1.72878
0.118076
-0.0521979
-0.0199001
-1.85311
0.63972
-0.042994
1.41124
1.5141
-1.74113
1.72878
0.118076
-0.0521979
-0.0199001
-1.85311
0.64739
-0.04146
1.41737
1.50643
-1.74113
1.72878
0.118076
-0.0521979
-0.0199001
-1.85311
0.651992
-0.0399261
1.42658
1.49876
-1.74113
1.72878
0.118076
-0.0521979
-0.0214341
-1.85311
0.661196
-0.0383921
1.43578
1.49416
-1.74113
1.72878
0.118076
-0.0521979
-0.0199001
-1.85311
0.671934
-0.0383921
1.44192
1.48802
-1.74113
1.72878
0.118076
-0.0506639
-0.0199001
-1.85311
0.682672
-0.0383921
1.44805
1.48189
-1.74113
1.72878
0.118076
-0.0521979
-0.0199001
-1.85311
0.69341
-0.0383921
1.45572
1.47422
-1.74113
1.72878
0.118076
-0.0521979
-0.0199001
-1.85311
0.705682
-0.0368581
1.46493
1.46655
-1.74113
1.72878
0.118076
-0.0506639
-0.0199001
-1.85311
0.71642
-0.0353239
1.47567
1.45427
-1.74113
1.72878
0.116542
-0.0521979
-0.0183661
-1.85311
0.728692
-0.0368581
1.48487
1.442
-1.74113
1.72724
0.115008
-0.0521979
-0.0199001
-1.85311
0.73943
-0.0353239
1.49561
1.42973
-1.74113
1.72878
0.115008
-0.0521979
-0.0199001
-1.85311
0.750168
-0.0368581
1.50174
1.42053
-1.74113
1.72724
0.115008
-0.0521979
-0.0199001
-1.85311
0.760906
-0.0368581
1.50635
1.41132
-1.74113
1.72724
0.115008
-0.0521979
-0.0199001
-1.85311
0.771644
-0.0383921
1.51248
1.40212
-1.74113
1.72724
0.115008
-0.0521979
-0.0199001
-1.85311
0.783916
-0.0383921
1.51708
1.39291
-1.74113
1.72724
0.116542
-0.0506639
-0.0199001
-1.85311
0.797722
-0.04146
1.52322
1.38371
-1.74113
1.72724
0.116542
-0.0521979
-0.0199001
-1.85311
0.814596
-0.042994
1.52629
1.37604
-1.7396
1.72724
0.116542
-0.0521979
-0.0183661
-1.85311
0.83147
-0.042994
1.53089
1.36837
-1.74113
1.72417
0.116542
-0.0521979
-0.0183661
-1.85311
0.848344
-0.042994
1.53549
1.3607
-1.74113
1.72264
0.116542
-0.0521979
-0.0183661
-1.85311
0.865218
-0.04146
1.53856
1.35303
-1.74113
1.72111
0.116542
-0.0521979
-0.0183661
-1.85311
0.883626
-0.0399261
1.54316
1.34536
-1.7396
1.72111
0.116542
-0.0521979
-0.0183661
-1.85311
0.902034
-0.0383921
1.54776
1.33616
-1.74113
1.71957
0.116542
-0.0506639
-0.0183661
-1.85311
0.91584
-0.0383921
1.55083
1.32542
-1.74113
1.71957
0.116542
-0.0521979
-0.0183661
-1.85311
0.929646
-0.0368581
1.5539
1.31468
-1.74113
1.71957
0.116542
-0.0521979
-0.0183661
-1.85311
0.93885
-0.0353239
1.5585
1.29627
-1.74113
1.71957
0.116542
-0.0521979
-0.0183661
-1.85311
0.944986
-0.0353239
1.56464
1.26866
-1.7396
1.71957
0.116542
-0.0521979
-0.0183661
-1.85311
0.948054
-0.0368581
1.57077
1.23338
-1.7396
1.71957
0.116542
-0.0521979
-0.0183661
-1.85311
0.949588
-0.0368581
1.57538
1.19656
-1.7396
1.71957
0.118076
-0.0521979
-0.0183661
-1.85311
0.951122
-0.0383921
1.57844
1.16281
-1.7396
1.71957
0.118076
-0.0521979
-0.0183661
-1.85311
0.951122
-0.0383921
1.58305
1.12753
-1.73806
1.71957
0.118076
-0.0521979
-0.0183661
-1.85311
0.951122
-0.0399261
1.58611
1.09685
-1.73806
1.71957
0.118076
-0.0521979
-0.0183661
-1.85311
0.951122
-0.042994
1.58765
1.0631
-1.73806
1.71957
0.118076
-0.0521979
-0.0183661
-1.85311
0.951122
-0.0506639
1.58765
1.03242
-1.73653
1.71957
0.118076
-0.0521979
-0.0183661
-1.85311
0.951122
-0.0598679
1.58765
0.997142
-1.735
1.71957
0.118076
-0.0521979
-0.0183661
-1.85311
0.951122
-0.067538
1.58765
0.963394
-1.73346
1.71957
0.118076
-0.0521979
-0.0183661
-1.85311
0.951122
-0.073674
1.58765
0.93118
-1.73346
1.71957
0.116542
-0.0521979
-0.0183661
-1.85311
0.951122
-0.0752079
1.58765
0.903568
-1.73346
1.71957
0.116542
-0.0521979
-0.0183661
-1.85311
0.951122
-0.0767419
1.59225
0.879024
-1.72886
1.71957
0.115008
-0.0521979
-0.0183661
-1.85311
0.952656
-0.0752079
1.59685
0.851412
-1.72579
1.71957
0.115008
-0.0521979
-0.0183661
-1.85311
0.957258
-0.0767419
1.59839
0.828402
-1.72119
1.71957
0.116542
-0.0521979
-0.0183661
-1.85311
0.963394
-0.0767419
1.59839
0.802324
-1.71966
1.71957
0.115008
-0.0521979
-0.0183661
-1.85311
0.967996
-0.0782759
1.59839
0.779314
-1.71966
1.71957
0.116542
-0.0521979
-0.0183661
-1.85311
0.974132
-0.0782759
1.59839
0.756304
-1.71966
1.71957
0.116542
-0.0521979
-0.0183661
-1.85311
0.980268
-0.0767419
1.59839
0.736362
-1.72119
1.71957
0.115008
-0.0521979
-0.0183661
-1.85311
0.989472
-0.0752079
1.59839
0.71642
-1.72119
1.71957
0.115008
-0.0521979
-0.0183661
-1.85311
0.997142
-0.07214
1.59839
0.702614
-1.72119
1.71957
0.116542
-0.0521979
-0.0183661
-1.85311
1.00788
-0.070606
1.59839
0.691876
-1.71966
1.71957
0.116542
-0.0521979
-0.0183661
-1.85311
1.02015
-0.070606
1.59992
0.682672
-1.71812
1.71957
0.115008
-0.0521979
-0.0183661
-1.85311
1.03089
-0.070606
1.59992
0.673468
-1.71352
1.71957
0.116542
-0.0506639
-0.0183661
-1.85311
1.04316
-0.069072
1.59839
0.665798
-1.71045
1.71957
0.116542
-0.0521979
-0.0183661
-1.85311
1.05543
-0.067538
1.59839
0.658128
-1.71045
1.71957
0.115008
-0.0521979
-0.0183661
-1.85311
1.07384
-0.067538
1.59532
0.651992
-1.71199
1.71957
0.115008
-0.0521979
-0.0183661
-1.85311
1.09532
-0.067538
1.59378
0.645856
-1.71352
1.71957
0.116542
-0.0521979
-0.0183661
-1.85311
1.11833
-0.066004
1.59378
0.641254
-1.72886
1.71957
0.116542
-0.0521979
-0.0183661
-1.85311
1.1398
-0.0629361
1.59378
0.635118
-1.74267
1.71804
0.116542
-0.0521979
-0.0183661
-1.85311
1.16281
-0.0567999
1.59378
0.627448
-1.74727
1.71804
0.116542
-0.0506639
-0.0183661
-1.85311
1.18276
-0.0537319
1.59378
0.619778
-1.74727
1.71804
0.116542
-0.0521979
-0.0183661
-1.85311
1.19963
-0.0521979
1.59378
0.610574
-1.74727
1.71804
0.116542
-0.0521979
-0.0183661
-1.85311
1.21497
-0.0506639
1.59378
0.60137
-1.7488
1.71957
0.116542
-0.0521979
-0.0183661
-1.85311
1.22878
-0.0506639
1.59378
0.590632
-1.75187
1.71804
0.116542
-0.0521979
-0.0183661
-1.85311
1.24105
-0.0521979
1.59378
0.573758
-1.75494
1.71804
0.116542
-0.0521979
-0.0183661
-1.85311
1.24718
-0.0506639
1.59378
0.543078
-1.76568
1.71804
0.116542
-0.0521979
-0.0183661
-1.85311
1.24718
-0.0506639
1.59378
0.500126
-1.78102
1.71804
0.116542
-0.0521979
-0.0183661
-1.85311
1.24718
-0.0521979
1.59378
0.454106
-1.80556
1.71804
0.116542
-0.0521979
-0.0183661
-1.85311
1.24718
-0.0567999
1.59378
0.403484
-1.83471
1.71957
0.116542
-0.0521979
-0.0183661
-1.85311
1.24718
-0.0629361
1.59378
0.358998
-1.85772
1.71804
0.116542
-0.0521979
-0.0183661
-1.85311
1.24565
-0.069072
1.59378
0.316046
-1.86999
1.71804
0.116542
-0.0521979
-0.0183661
-1.85311
1.24565
-0.070606
1.59378
0.283832
-1.86999
1.71804
0.116542
-0.0521979
-0.0183661
-1.85311
1.24565
-0.07214
1.59378
0.25622
-1.86999
1.71957
0.116542
-0.0521979
-0.0183661
-1.85311
1.24565
-0.07214
1.59378
0.224006
-1.86999
1.71957
0.116542
-0.0521979
-0.0183661
-1.85311
1.24565
-0.07214
1.59225
0.197928
-1.86999
1.71957
0.115008
-0.0521979
-0.0183661
-1.85311
1.24718
-0.073674
1.59378
0.181054
-1.86845
1.71804
0.115008
-0.0521979
-0.0183661
-1.85311
1.24718
-0.073674
1.59225
0.170316
-1.86845
1.71957
0.116542
-0.0521979
-0.0183661
-1.85311
1.24872
-0.0752079
1.59225
0.15651
-1.86845
1.71804
0.116542
-0.0521979
-0.0183661
-1.85311
1.25332
-0.0782759
1.59072
0.144238
-1.86845
1.71804
0.116542
-0.0521979
-0.0183661
-1.85311
1.25946
-0.0782759
1.58765
0.131966
-1.86845
1.71957
0.116542
-0.0521979
-0.0183661
-1.85311
1.26866
-0.0798099
1.58611
0.127364
-1.86845
1.71957
0.116542
-0.0521979
-0.0183661
-1.85311
1.27786
-0.0782759
1.58458
0.122762
-1.86845
1.71957
0.116542
-0.0521979
-0.0183661
-1.85311
1.28707
-0.0782759
1.58305
0.119694
-1.86845
1.71804
0.116542
-0.0521979
-0.0183661
-1.85311
1.29781
-0.0782759
1.58305
0.116626
-1.86845
1.71957
0.116542
-0.0521979
-0.0183661
-1.85311
1.30854
-0.0782759
1.58151
0.115092
-1.86845
1.71957
0.116542
-0.0521979
-0.0183661
-1.85311
1.32082
-0.0782759
1.57844
0.112024
-1.86999
1.71804
0.116542
-0.0521979
-0.0183661
-1.85311
1.33155
-0.0782759
1.57691
0.107422
-1.86999
1.71804
0.116542
-0.0521979
-0.0183661
-1.85311
1.34229
-0.0782759
1.57538
0.10282
-1.86999
1.71957
0.116542
-0.0521979
-0.0183661
-1.85311
1.35303
-0.0782759
1.57538
0.098218
-1.86999
1.71804
0.116542
-0.0521979
-0.0183661
-1.85311
1.36223
-0.0782759
1.57384
0.093616
-1.86999
1.71957
0.116542
-0.0521979
-0.0183661
-1.85311
1.3699
-0.0782759
1.57231
0.0874801
-1.86999
1.71957
0.116542
-0.0521979
-0.0183661
-1.85311
1.37911
-0.0767419
1.57231
0.0828779
-1.86999
1.71957
0.116542
-0.0521979
-0.0183661
-1.85311
1.38678
-0.0767419
1.57077
0.0782759
-1.86999
1.71804
0.116542
-0.0521979
-0.0183661
-1.85311
1.39445
-0.0767419
1.56924
0.073674
-1.86999
1.71804
0.116542
-0.0521979
-0.0199001
-1.85311
1.40365
-0.0752079
1.56771
0.069072
-1.87152
1.71957
0.115008
-0.0521979
-0.0183661
-1.85311
1.41132
-0.0752079
1.56617
0.066004
-1.87152
1.71804
0.116542
-0.0521979
-0.0183661
-1.85311
1.41899
-0.0752079
1.56464
0.0614018
-1.87152
1.71957
0.116542
-0.0506639
-0.0183661
-1.85311
1.42513
-0.0767419
1.56157
0.0583339
-1.87152
1.71804
0.116542
-0.0521979
-0.0183661
-1.85311
1.4328
-0.0782759
1.5585
0.0537319
-1.87152
1.71957
0.116542
-0.0521979
-0.0183661
-1.85311
1.43893
-0.0798099
1.55697
0.0506639
-1.87152
1.71804
0.116542
-0.0521979
-0.0183661
-1.85311
1.4466
-0.0828779
1.55543
0.046062
-1.87152
1.71804
0.116542
-0.0521979
-0.0183661
-1.85311
1.45427
-0.0844119
1.5539
0.0399261
-1.87152
1.71804
0.116542
-0.0521979
-0.0183661
-1.85311
1.46194
-0.0844119
1.55237
0.0353239
-1.87306
1.71957
0.116542
-0.0521979
-0.0183661
-1.85311
1.46961
-0.0859461
1.5493
0.0291879
-1.87306
1.71957
0.116542
-0.0521979
-0.0183661
-1.85311
1.48035
-0.0874801
1.54776
0.023052
-1.87306
1.71804
0.116542
-0.0521979
-0.0183661
-1.85311
1.48802
-0.0874801
1.54776
0.016916
-1.87306
1.71804
0.116542
-0.0521979
-0.0183661
-1.85311
1.49569
-0.0874801
1.54623
0.0107799
-1.87306
1.71957
0.116542
-0.0521979
-0.0183661
-1.85311
1.50183
-0.0874801
1.5447
0.0061779
-1.87306
1.71957
0.116542
-0.0521979
-0.0183661
-1.85311
1.5095
-0.0874801
1.54316
0.00464392
-1.87306
1.71957
0.116542
-0.0521979
-0.0183661
-1.85311
1.51563
-0.0859461
1.54163
0.00464392
-1.87306
1.71957
0.116542
-0.0521979
-0.0183661
-1.85311
1.5233
-0.0859461
1.53856
0.00464392
-1.87306
1.71957
0.116542
-0.0521979
-0.0183661
-1.85311
1.53097
-0.0844119
1.53549
0.00464392
-1.87306
1.71957
0.116542
-0.0521979
-0.0183661
-1.85311
1.53864
-0.0828779
1.53396
0.00464392
-1.87306
1.71804
0.116542
-0.0521979
-0.0183661
-1.85311
1.54631
-0.0828779
1.53242
0.00310993
-1.87459
1.71957
0.116542
-0.0521979
-0.0183661
-1.85311
1.55245
-0.0828779
1.52936
0.00310993
-1.87459
1.71957
0.118076
-0.0521979
-0.0183661
-1.85311
1.55859
-0.0828779
1.52782
0.00310993
-1.87459
1.71957
0.118076
-0.0521979
-0.0183661
-1.85311
1.56319
-0.0813439
1.52629
0.00310993
-1.87459
1.71957
0.118076
-0.0521979
-0.0183661
-1.85311
1.56932
-0.0798099
1.52475
0.00310993
-1.87459
1.71957
0.118076
-0.0521979
-0.0183661
-1.85311
1.57393
-0.0798099
1.52322
0.00310993
-1.87459
1.71957
0.118076
-0.0521979
-0.0183661
-1.85311
1.57853
-0.0782759
1.52169
0.00310993
-1.87459
1.71957
0.118076
-0.0506639
-0.0183661
-1.85311
1.58313
-0.0767419
1.52015
0.00310993
-1.87459
1.71804
0.116542
-0.0521979
-0.0183661
-1.85311
1.58773
-0.073674
1.51862
0.00310993
-1.87459
1.71804
0.116542
-0.0521979
-0.0183661
-1.85311
1.5908
-0.07214
1.51708
0.00464392
-1.87306
1.71957
0.118076
-0.0521979
-0.0183661
-1.85311
1.59694
-0.070606
1.51708
0.00310993
-1.87459
1.71804
0.116542
-0.0521979
-0.0183661
-1.85311
1.6
-0.069072
1.51708
0.00310993
-1.87306
1.71957
0.116542
-0.0521979
-0.0183661
-1.85311
1.60307
-0.067538
1.51708
0.00310993
-1.87459
1.71957
0.118076
-0.0521979
-0.0183661
-1.85311
1.60767
-0.067538
1.51708
0.00310993
-1.87459
1.71804
0.116542
-0.0521979
-0.0183661
-1.85311
1.60921
-0.066004
1.51555
0.00310993
-1.87306
1.71804
0.118076
-0.0521979
-0.0183661
-1.85311
1.61074
-0.066004
1.51555
0.00310993
-1.87306
1.71804
0.118076
-0.0521979
-0.0183661
-1.85311
1.61074
-0.066004
1.51555
0.00310993
-1.87306
1.71957
0.118076
-0.0521979
-0.0183661
-1.85311
1.61228
-0.066004
1.51555
0.00310993
-1.87306
1.71804
0.118076
-0.0521979
-0.0183661
-1.85311
1.61074
-0.066004
1.51555
0.00310993
-1.87306
1.71804
0.118076
-0.0506639
-0.0183661
-1.85311
1.61074
-0.066004
1.51555
0.00310993
-1.87306
1.71804
0.118076
-0.0521979
-0.0183661
-1.85311
1.61074
-0.066004
1.51555
0.00310993
-1.87306
1.71804
0.118076
-0.0521979
-0.0183661
-1.85311
1.61074
-0.066004
1.51555
0.00310993
-1.87306
1.71804
0.116542
-0.0521979
-0.0183661
-1.85311
1.61074
-0.0644701
1.51555
0.00310993
-1.87306
1.71957
0.118076
-0.0521979
-0.0183661
-1.85311
1.61074
-0.0629361
1.51555
0.00310993
-1.87306
1.71957
0.116542
-0.0521979
-0.0183661
-1.85311
1.61228
-0.0614018
1.51555
0.00310993
-1.87306
1.71957
0.116542
-0.0521979
-0.0183661
-1.85311
1.61228
-0.0614018
1.51555
0.00310993
-1.87152
1.71957
0.116542
-0.0521979
-0.0183661
-1.85311
1.61228
-0.0614018
1.51402
0.00310993
-1.87152
1.71804
0.116542
-0.0506639
-0.0183661
-1.85311
1.61381
-0.0614018
1.51555
0.00310993
-1.87152
1.71804
0.116542
-0.0521979
-0.0183661
-1.85311
1.61381
-0.0614018
1.51555
0.00310993
-1.87152
1.71804
0.116542
-0.0521979
-0.0183661
-1.85311
1.61381
-0.0614018
1.51555
0.00310993
-1.87152
1.71804
0.116542
-0.0521979
-0.0183661
-1.85311
1.61381
-0.0614018
1.51402
0.00310993
-1.87152
1.71804
0.118076
-0.0521979
-0.0183661
-1.85311
1.61381
-0.0598679
1.51555
0.00464392
-1.87152
1.71804
0.116542
-0.0521979
-0.0183661
-1.85311
1.61381
-0.0614018
1.51402
0.00310993
-1.87152
1.71804
0.118076
-0.0506639
-0.0183661
-1.85311
1.61381
-0.0614018
1.51402
0.00464392
-1.87152
1.71804
0.116542
-0.0521979
-0.0183661
-1.85311
1.61381
-0.0614018
1.51402
0.00310993
-1.87152
1.71957
0.116542
-0.0521979
-0.0183661
-1.85311
1.61381
-0.0629361
1.51555
0.00310993
-1.86999
1.71804
0.116542
-0.0521979
-0.0183661
-1.85311
1.61381
-0.0644701
1.51402
0.00310993
-1.86999
1.71804
0.116542
-0.0521979
-0.0183661
-1.85311
1.61381
-0.066004
1.51402
0.00310993
-1.86999
1.71804
0.116542
-0.0521979
-0.0183661
-1.85311
1.61381
-0.069072
1.51402
0.00310993
-1.86999
1.71957
0.116542
-0.0521979
-0.0183661
-1.85311
1.61381
-0.070606
1.51555
0.00310993
-1.86999
1.71804
0.116542
-0.0521979
-0.0183661
-1.85311
1.61381
-0.070606
1.51402
0.00464392
-1.86999
1.71957
0.116542
-0.0521979
-0.0183661
-1.85311
1.61381
-0.070606
1.51402
0.00464392
-1.86999
1.71957
0.116542
-0.0521979
-0.0183661
-1.85311
1.61381
-0.07214
1.51402
0.00464392
-1.86999
1.71957
0.116542
-0.0521979
-0.0183661
-1.85311
1.61381
-0.07214
1.51402
0.00310993
-1.86999
1.71804
0.116542
-0.0521979
-0.0183661
-1.85311
1.61381
-0.073674
1.51402
0.00310993
-1.86999
1.71804
0.116542
-0.0521979
-0.0183661
-1.85311
1.61381
-0.073674
1.51402
0.00464392
-1.86999
1.71804
0.116542
-0.0521979
-0.0183661
-1.85311
1.61381
-0.0752079
1.51402
0.00464392
-1.86999
1.71804
0.116542
-0.0521979
-0.0183661
-1.85311
1.61381
-0.0767419
1.51402
0.00310993
-1.86999
1.71804
0.116542
-0.0521979
-0.0183661
-1.85311
1.61381
-0.0782759
1.51402
0.00464392
-1.86999
1.71804
0.116542
-0.0521979
-0.0183661
-1.85311
1.61381
-0.0798099
1.51402
0.00464392
-1.86999
1.71957
0.116542
-0.0521979
-0.0183661
-1.85311
1.61381
-0.0813439
1.51402
0.00310993
-1.86999
1.71804
0.116542
-0.0521979
-0.0183661
-1.85311
1.61381
-0.0813439
1.51402
0.00310993
-1.86999
1.71957
0.116542
-0.0521979
-0.0183661
-1.85311
1.61381
-0.0813439
1.51402
0.00464392
-1.86999
1.71957
0.116542
-0.0521979
-0.0183661
-1.85311
1.61381
-0.0813439
1.51402
0.00464392
-1.86999
1.71957
0.116542
-0.0521979
-0.0183661
-1.85311
1.61381
-0.0813439
1.51402
0.00464392
-1.86999
1.71804
0.116542
-0.0521979
-0.0183661
-1.85311
1.61381
-0.0813439
1.51402
0.00310993
-1.86999
1.71804
0.116542
-0.0521979
-0.0183661
-1.85311
1.61381
-0.0813439
1.51402
0.00464392
-1.86999
1.71957
0.116542
-0.0521979
-0.0183661
-1.85311
1.61381
-0.0813439
1.51402
0.00310993
-1.86845
1.71957
0.116542
-0.0521979
-0.0183661
-1.85311
1.61381
-0.0828779
1.51402
0.00310993
-1.86999
1.71957
0.116542
-0.0521979
-0.0183661
-1.85311
1.61381
-0.0813439
1.51402
0.00310993
-1.86999
1.71957
0.116542
-0.0521979
-0.0183661
-1.85311
1.61381
-0.0813439
1.51402
0.00464392
-1.86845
1.71957
0.116542
-0.0521979
-0.0183661
-1.85311
1.61381
-0.0813439
1.51402
0.00464392
-1.86845
1.71957
0.116542
-0.0521979
-0.0183661
-1.85311
1.61381
-0.0813439
1.51402
0.00464392
-1.86845
1.71957
0.116542
-0.0521979
-0.0183661
-1.85311
1.61381
-0.0813439
1.51402
0.00310993
-1.86999
1.71804
0.116542
-0.0521979
-0.0183661
-1.85311
1.61381
-0.0813439
1.51402
0.00464392
-1.86845
1.71804
0.116542
-0.0521979
-0.0183661
-1.85311
1.61381
-0.0813439
1.51402
0.00464392
-1.86845
1.71804
0.116542
-0.0521979
-0.0183661
-1.85311
1.61381
-0.0813439
1.51402
0.00464392
-1.86845
1.71804
0.116542
-0.0521979
-0.0183661
-1.85311
1.61381
-0.0813439
1.51402
0.00464392
-1.86845
1.71957
0.116542
-0.0521979
-0.0183661
-1.85311
1.61381
-0.0813439
1.51248
0.0061779
-1.86845
1.71804
0.116542
-0.0521979
-0.0183661
-1.85311
1.61381
-0.0813439
1.51248
0.00464392
-1.86845
1.71804
0.116542
-0.0521979
-0.0183661
-1.85311
1.61228
-0.0813439
1.51248
0.00464392
-1.86845
1.71804
0.116542
-0.0521979
-0.0183661
-1.85311
1.61228
-0.0798099
1.51095
0.00464392
-1.86845
1.71804
0.116542
-0.0521979
-0.0183661
-1.85311
1.61381
-0.0798099
1.51095
0.00464392
-1.86845
1.71804
0.116542
-0.0521979
-0.0183661
-1.85311
1.61381
-0.0798099
1.51095
0.00464392
-1.86845
1.71804
0.116542
-0.0521979
-0.0183661
-1.85311
1.61228
-0.0798099
1.51248
0.0061779
-1.86845
1.71957
0.116542
-0.0521979
-0.0183661
-1.85311
1.61228
-0.0798099
1.51095
0.00464392
-1.86845
1.71957
0.116542
-0.0506639
-0.0183661
-1.85311
1.61228
-0.0798099
1.51095
0.00464392
-1.86845
1.71804
0.116542
-0.0521979
-0.0183661
-1.85311
1.61228
-0.0798099
1.51095
0.00464392
-1.86845
1.71804
0.116542
-0.0521979
-0.0183661
-1.85311
1.61381
-0.0798099
1.51095
0.00464392
-1.86845
1.71804
0.116542
-0.0521979
-0.0183661
-1.85311
1.61381
-0.0798099
1.51248
0.00464392
-1.86845
1.71804
0.116542
-0.0521979
-0.0183661
-1.85311
1.61228
-0.0798099
1.51095
0.00464392
-1.86845
1.71804
0.116542
-0.0521979
-0.0183661
-1.85311
1.61228
-0.0798099
1.51248
0.00464392
-1.86845
1.71804
0.116542
-0.0521979
-0.0183661
-1.85311
1.61228
-0.0782759
1.51248
0.00464392
-1.86845
1.71804
0.116542
-0.0521979
-0.0183661
-1.85311
1.61228
-0.0782759
1.51095
0.00464392
-1.86845
1.71957
0.116542
-0.0521979
-0.0183661
-1.85311
1.61381
-0.0767419
1.51095
0.0061779
-1.86845
1.71804
0.116542
-0.0521979
-0.0183661
-1.85311
1.61228
-0.0752079
1.51095
0.00464392
-1.86845
1.71804
0.116542
-0.0521979
-0.0183661
-1.85311
1.61381
-0.073674
1.51248
0.00464392
-1.86845
1.71804
0.116542
-0.0521979
-0.0183661
-1.85311
1.61381
-0.073674
1.51095
0.00464392
-1.86845
1.71804
0.116542
-0.0521979
-0.0183661
-1.85311
1.61228
-0.073674
1.51095
0.0061779
-1.86845
1.71804
0.116542
-0.0521979
-0.0183661
-1.85311
1.61228
-0.073674
1.51095
0.00464392
-1.86845
1.71804
0.116542
-0.0521979
-0.0183661
-1.85311
1.61228
-0.073674
1.51248
0.0061779
-1.86845
1.71804
0.116542
-0.0521979
-0.0183661
-1.85311
1.61228
-0.073674
1.51095
0.0061779
-1.86845
1.71804
0.116542
-0.0521979
-0.0183661
-1.85311
1.61381
-0.073674
1.51095
0.00464392
-1.86845
1.71804
0.116542
-0.0521979
-0.0183661
-1.85311
1.61228
-0.0752079
1.51095
0.00464392
-1.86845
1.71804
0.116542
-0.0521979
-0.0183661
-1.85311
1.61228
-0.0752079
1.51095
0.00464392
-1.86845
1.71804
0.116542
-0.0521979
-0.0183661
-1.85311
1.61228
-0.0752079
1.51095
0.00464392
-1.86845
1.71804
0.116542
-0.0521979
-0.0183661
-1.85311
1.61381
-0.0752079
1.51095
0.00464392
-1.86845
1.71957
0.116542
-0.0521979
-0.0183661
-1.85311
1.61228
-0.0752079
1.51095
0.00464392
-1.86845
1.71804
0.116542
-0.0506639
-0.0183661
-1.85311
1.61381
-0.0767419
1.51095
0.00464392
-1.86845
1.71804
0.116542
-0.0521979
-0.0183661
-1.85311
1.61228
-0.0767419
1.51095
0.00464392
-1.86845
1.71804
0.116542
-0.0521979
-0.0183661
-1.85311
1.61228
-0.0767419
1.51095
0.00464392
-1.86845
1.71957
0.116542
-0.0521979
-0.0183661
-1.85311
1.61228
-0.0767419
1.51095
0.0061779
-1.86845
1.71804
0.116542
-0.0521979
-0.0183661
-1.85311
1.61228
-0.0767419
1.51095
0.00464392
-1.86845
1.71957
0.116542
-0.0521979
-0.0183661
-1.85311
1.61381
-0.0767419
1.51095
0.00464392
-1.86845
1.71804
0.116542
-0.0521979
-0.0183661
-1.85311
1.61228
-0.0767419
1.51095
0.00464392
-1.86845
1.71804
0.116542
-0.0521979
-0.0183661
-1.85311
1.61228
-0.0767419
1.51095
0.0061779
-1.86845
1.71804
0.116542
-0.0521979
-0.0183661
-1.85311
1.61228
-0.0752079
1.51095
0.0061779
-1.86845
1.71957
0.116542
-0.0521979
-0.0183661
-1.85311
1.61228
-0.0767419
1.51095
0.00464392
-1.86845
1.71804
0.116542
-0.0521979
-0.0183661
-1.85311
1.61228
-0.0767419
1.51095
0.0061779
-1.86845
1.71804
0.116542
-0.0521979
-0.0183661
-1.85311
1.61228
-0.0782759
1.51095
0.0061779
-1.86845
1.71804
0.116542
-0.0521979
-0.0183661
-1.85311
1.61228
-0.0798099
1.51095
0.0061779
-1.86845
1.71804
0.116542
-0.0521979
-0.0183661
-1.85311
1.61381
-0.0798099
1.50941
0.0061779
-1.86845
1.71804
0.116542
-0.0521979
-0.0183661
-1.85311
1.61228
-0.0813439
1.50941
0.0061779
-1.86845
1.71804
0.116542
-0.0521979
-0.0183661
-1.85311
1.61228
-0.0828779
1.50941
0.0061779
-1.86845
1.71804
0.116542
-0.0521979
-0.0183661
-1.85311
1.61381
-0.0844119
1.50941
0.0061779
-1.86845
1.71804
0.116542
-0.0521979
-0.0183661
-1.85311
1.61228
-0.0844119
1.50941
0.0061779
-1.86845
1.71804
0.116542
-0.0521979
-0.0183661
-1.85311
1.61228
-0.0844119
1.50941
0.0061779
-1.86845
1.71804
0.118076
-0.0521979
-0.0183661
-1.85311
1.61228
-0.0844119
1.50941
0.0061779
-1.86845
1.71804
0.116542
-0.0521979
-0.0183661
-1.85311
1.61228
-0.0859461
1.50941
0.0061779
-1.86845
1.71804
0.116542
-0.0521979
-0.0183661
-1.85311
1.61228
-0.0859461
1.50941
0.0061779
-1.86845
1.71804
0.116542
-0.0521979
-0.0183661
-1.85311
1.61228
-0.0874801
1.50941
0.0061779
-1.86845
1.71804
0.116542
-0.0521979
-0.0183661
-1.85311
1.61228
-0.0874801
1.50941
0.0061779
-1.86845
1.71804
0.116542
-0.0521979
-0.0183661
-1.85311
1.61228
-0.0890141
1.50941
0.0061779
-1.86845
1.71804
0.116542
-0.0521979
-0.0183661
-1.85311
1.61228
-0.090548
1.50941
0.0061779
-1.86845
1.71804
0.116542
-0.0521979
-0.0183661
-1.85311
1.61228
-0.090548
1.50941
0.0061779
-1.86845
1.71804
0.116542
-0.0521979
-0.0183661
-1.85311
1.61228
-0.092082
1.50941
0.0061779
-1.86845
1.71804
0.116542
-0.0521979
-0.0183661
-1.85311
1.61228
-0.093616
1.50941
0.0061779
-1.86845
1.71804
0.116542
-0.0521979
-0.0183661
-1.85311
1.61228
-0.09515
1.50941
0.0138481
-1.86845
1.71804
0.116542
-0.0521979
-0.0183661
-1.85311
1.61228
-0.09515
1.50941
0.01845
-1.86845
1.71804
0.116542
-0.0521979
-0.0183661
-1.85311
1.61228
-0.09515
1.50941
0.021518
-1.86845
1.71804
0.116542
-0.0521979
-0.0183661
-1.85311
1.61228
-0.096684
1.50788
0.024586
-1.86692
1.71957
0.116542
-0.0521979
-0.0183661
-1.85311
1.61228
-0.096684
1.50788
0.0276539
-1.86845
1.71804
0.116542
-0.0521979
-0.0183661
-1.85311
1.61228
-0.096684
1.50788
0.0276539
-1.86692
1.71804
0.116542
-0.0521979
-0.0183661
-1.85311
1.61228
-0.098218
1.50941
0.0291879
-1.86692
1.71804
0.116542
-0.0521979
-0.0183661
-1.85311
1.61228
-0.096684
1.50788
0.0322559
-1.86692
1.71804
0.116542
-0.0521979
-0.0183661
-1.85311
1.61228
-0.098218
1.50788
0.0353239
-1.86845
1.71957
0.116542
-0.0521979
-0.0183661
-1.85311
1.61228
-0.098218
1.50788
0.0353239
-1.86692
1.71804
0.116542
-0.0521979
-0.0183661
-1.85311
1.61228
-0.098218
1.50788
0.0353239
-1.86845
1.71804
0.116542
-0.0521979
-0.0183661
-1.85311
1.61228
-0.0997519
1.50788
0.0353239
-1.86692
1.71804
0.118076
-0.0521979
-0.0183661
-1.85311
1.61228
-0.0997519
1.50788
0.0353239
-1.86845
1.71804
0.116542
-0.0521979
-0.0183661
-1.85311
1.61228
-0.101286
1.50788
0.0353239
-1.86692
1.71804
0.116542
-0.0521979
-0.0183661
-1.85311
1.61228
-0.10282
1.50788
0.0353239
-1.86692
1.71804
0.116542
-0.0521979
-0.0183661
-1.85311
1.61228
-0.104354
1.50788
0.0353239
-1.86845
1.71804
0.116542
-0.0521979
-0.0183661
-1.85311
1.61228
-0.107422
1.50788
0.0353239
-1.86692
1.71804
0.116542
-0.0521979
-0.0183661
-1.85311
1.61228
-0.108956
1.50788
0.0353239
-1.86845
1.71804
0.116542
-0.0521979
-0.0183661
-1.85311
1.61228
-0.11049
1.50788
0.0353239
-1.86845
1.71804
0.116542
-0.0521979
-0.0183661
-1.85311
1.61228
-0.112024
1.50788
0.0353239
-1.86845
1.71804
0.116542
-0.0521979
-0.0183661
-1.85311
1.61228
-0.112024
1.50788
0.0353239
-1.86692
1.71804
0.116542
-0.0521979
-0.0183661
-1.85311
1.61228
-0.113558
1.50788
0.0353239
-1.86845
1.71804
0.116542
-0.0521979
-0.0183661
-1.85311
1.61228
-0.112024
1.50788
0.0353239
-1.86845
1.71804
0.116542
-0.0521979
-0.0183661
-1.85311
1.61228
-0.112024
1.50788
0.0353239
-1.86692
1.71804
0.116542
-0.0521979
-0.0183661
-1.85311
1.61228
-0.112024
1.50788
0.0353239
-1.86692
1.71804
0.118076
-0.0521979
-0.0183661
-1.85311
1.61228
-0.112024
1.50788
0.0353239
-1.86692
1.71804
0.116542
-0.0521979
-0.0183661
-1.85311
1.61228
-0.112024
1.50635
0.0353239
-1.86692
1.71957
0.116542
-0.0521979
-0.0183661
-1.85311
1.61228
-0.112024
1.50635
0.0353239
-1.86692
1.71804
0.116542
-0.0521979
-0.0183661
-1.85311
1.61228
-0.113558
1.50635
0.0368581
-1.86692
1.71804
0.116542
-0.0506639
-0.0183661
-1.85311
1.61228
-0.112024
1.50635
0.042994
-1.86692
1.71804
0.116542
-0.0521979
-0.0183661
-1.85311
1.61228
-0.112024
1.50635
0.047596
-1.86845
1.71804
0.116542
-0.0521979
-0.0183661
-1.85311
1.61228
-0.113558
1.50635
0.047596
-1.86845
1.71957
0.116542
-0.0521979
-0.0183661
-1.85311
1.61228
-0.113558
1.50635
0.047596
-1.86845
1.71957
0.116542
-0.0521979
-0.0183661
-1.85311
1.61228
-0.115092
1.50635
0.04913
-1.86845
1.71804
0.116542
-0.0521979
-0.0183661
-1.85311
1.61228
-0.115092
1.50635
0.0506639
-1.86692
1.71804
0.116542
-0.0521979
-0.0183661
-1.85311
1.61228
-0.115092
1.50635
0.0506639
-1.86845
1.71804
0.116542
-0.0521979
-0.0183661
-1.85311
1.61228
-0.115092
1.50635
0.0506639
-1.86692
1.71957
0.116542
-0.0521979
-0.0183661
-1.85311
1.61228
-0.115092
1.50481
0.0506639
-1.86692
1.71804
0.116542
-0.0521979
-0.0183661
-1.85311
1.61228
-0.115092
1.50481
0.0521979
-1.86692
1.71804
0.116542
-0.0521979
-0.0183661
-1.85311
1.61228
-0.113558
1.50481
0.0506639
-1.86845
1.71804
0.116542
-0.0521979
-0.0183661
-1.85311
1.61228
-0.115092
1.50481
0.0506639
-1.86692
1.71804
0.116542
-0.0521979
-0.0183661
-1.85311
1.61228
-0.115092
1.50481
0.0506639
-1.86692
1.71804
0.116542
-0.0521979
-0.0183661
-1.85311
1.61228
-0.115092
1.50481
0.0521979
-1.86692
1.71804
0.116542
-0.0521979
-0.0183661
-1.85311
1.61228
-0.113558
1.50481
0.0521979
-1.86845
1.71804
0.116542
-0.0521979
-0.0183661
-1.85311
1.61228
-0.113558
1.50481
0.0521979
-1.86692
1.71804
0.116542
-0.0521979
-0.0183661
-1.85311
1.61228
-0.113558
1.50481
0.0521979
-1.86692
1.71804
0.116542
-0.0521979
-0.0183661
-1.85311
1.61228
-0.113558
1.50481
0.0521979
-1.86692
1.71804
0.116542
-0.0521979
-0.0183661
-1.85311
1.61228
-0.112024
1.50481
0.0567999
-1.86692
1.71804
0.116542
-0.0521979
-0.0183661
-1.85311
1.61228
-0.112024
1.50481
0.0567999
-1.86692
1.71804
0.116542
-0.0521979
-0.0183661
-1.85311
1.61228
-0.113558
1.50635
0.0567999
-1.86692
1.71804
0.116542
-0.0521979
-0.0183661
-1.85311
1.61228
-0.113558
1.50481
0.0583339
-1.86692
1.71804
0.116542
-0.0521979
-0.0183661
-1.85311
1.61228
-0.115092
1.50481
0.0583339
-1.86692
1.71804
0.116542
-0.0521979
-0.0183661
-1.85311
1.61228
-0.11816
1.50481
0.0583339
-1.86692
1.71804
0.116542
-0.0521979
-0.0183661
-1.85311
1.61228
-0.119694
1.50481
0.0583339
-1.86692
1.71804
0.118076
-0.0521979
-0.0183661
-1.85311
1.61228
-0.119694
1.50481
0.0583339
-1.86845
1.71804
0.116542
-0.0521979
-0.0183661
-1.85311
1.61228
-0.121228
1.50481
0.0583339
-1.86845
1.71804
0.116542
-0.0521979
-0.0183661
-1.85311
1.61228
-0.121228
1.50481
0.0583339
-1.86845
1.71804
0.118076
-0.0521979
-0.0183661
-1.85311
1.61228
-0.119694
1.50481
0.0583339
-1.86692
1.71804
0.116542
-0.0521979
-0.0183661
-1.85311
1.61228
-0.119694
1.50481
0.0583339
-1.86692
1.71804
0.116542
-0.0521979
-0.0183661
-1.85311
1.61228
-0.119694
1.50481
0.0583339
-1.86692
1.71804
0.116542
-0.0521979
-0.0183661
-1.85311
1.61228
-0.119694
1.50481
0.0583339
-1.86692
1.71804
0.116542
-0.0521979
-0.0183661
-1.85311
1.61228
-0.121228
1.50481
0.0583339
-1.86845
1.71804
0.116542
-0.0521979
-0.0183661
-1.85311
1.61228
-0.122762
1.50481
0.0583339
-1.86692
1.71957
0.116542
-0.0521979
-0.0183661
-1.85311
1.61228
-0.124296
1.50481
0.0583339
-1.86692
1.71804
0.116542
-0.0521979
-0.0183661
-1.85311
1.61228
-0.12583
1.50481
0.0583339
-1.86845
1.71804
0.116542
-0.0521979
-0.0183661
-1.85311
1.61228
-0.128898
1.50481
0.0583339
-1.86845
1.71804
0.116542
-0.0521979
-0.0183661
-1.85311
1.61228
-0.130432
1.50481
0.0583339
-1.86845
1.71957
0.118076
-0.0521979
-0.0183661
-1.85311
1.61228
-0.130432
1.50481
0.0583339
-1.86845
1.71804
0.116542
-0.0521979
-0.0183661
-1.85311
1.61228
-0.131966
1.50481
0.0583339
-1.86692
1.71804
0.116542
-0.0521979
-0.0183661
-1.85311
1.61228
-0.131966
1.50481
0.0583339
-1.86692
1.71804
0.116542
-0.0521979
-0.0183661
-1.85311
1.61228
-0.131966
1.50481
0.0583339
-1.86845
1.71804
0.116542
-0.0521979
-0.0183661
-1.85311
1.61228
-0.131966
1.50481
0.0583339
-1.86845
1.71804
0.116542
-0.0521979
-0.0183661
-1.85311
1.61228
-0.1335
1.50635
0.0583339
-1.86845
1.71804
0.116542
-0.0521979
-0.0183661
-1.85311
1.61228
-0.1335
1.50481
0.0583339
-1.86692
1.71804
0.116542
-0.0521979
-0.0183661
-1.85311
1.61228
-0.131966
1.50481
0.0583339
-1.86845
1.71804
0.116542
-0.0521979
-0.0183661
-1.85311
1.61228
-0.1335
1.50481
0.0583339
-1.86692
1.71804
0.116542
-0.0521979
-0.0183661
-1.85311
1.61228
-0.1335
1.50481
0.0583339
-1.86692
1.71804
0.116542
-0.0521979
-0.0183661
-1.85311
1.61228
-0.1335
1.50481
0.0583339
-1.86692
1.71804
0.116542
-0.0521979
-0.0183661
-1.85311
1.61228
-0.1335
1.50481
0.0583339
-1.86692
1.71804
0.116542
-0.0521979
-0.0183661
-1.85311
1.61228
-0.131966
1.50481
0.0583339
-1.86692
1.71804
0.116542
-0.0521979
-0.0183661
-1.85311
1.61228
-0.130432
1.50481
0.0583339
-1.86845
1.71804
0.116542
-0.0521979
-0.0183661
-1.85311
1.61228
-0.130432
1.50481
0.0583339
-1.86692
1.71804
0.116542
-0.0521979
-0.0183661
-1.85311
1.61228
-0.128898
1.50481
0.0583339
-1.86845
1.71804
0.116542
-0.0521979
-0.0183661
-1.85311
1.61228
-0.127364
1.50481
0.0583339
-1.86845
1.71804
0.116542
-0.0521979
-0.0183661
-1.85311
1.61228
-0.12583
1.50481
0.0583339
-1.86845
1.71957
0.116542
-0.0521979
-0.0183661
-1.85311
1.61228
-0.12583
1.50481
0.0583339
-1.86845
1.71804
0.116542
-0.0521979
-0.0183661
-1.85311
1.61228
-0.124296
1.50481
0.0583339
-1.86692
1.71804
0.116542
-0.0521979
-0.0183661
-1.85311
1.61228
-0.124296
1.50481
0.0583339
-1.86692
1.71804
0.116542
-0.0521979
-0.0183661
-1.85311
1.61228
-0.122762
1.50481
0.0583339
-1.86692
1.71804
0.118076
-0.0521979
-0.0183661
-1.85311
1.61228
-0.122762
1.50481
0.0583339
-1.86845
1.71804
0.116542
-0.0521979
-0.0183661
-1.85311
1.61228
-0.122762
1.50481
0.0583339
-1.86845
1.71804
0.116542
-0.0521979
-0.0183661
-1.85311
1.61381
-0.122762
1.50481
0.0583339
-1.86692
1.71804
0.116542
-0.0521979
-0.0183661
-1.85311
1.61534
-0.124296
1.50481
0.0583339
-1.86845
1.71804
0.116542
-0.0521979
-0.0183661
-1.85311
1.61688
-0.124296
1.50481
0.0583339
-1.86845
1.71804
0.116542
-0.0521979
-0.0183661
-1.85311
1.61995
-0.124296
1.50481
0.0583339
-1.86845
1.71804
0.118076
-0.0521979
-0.0183661
-1.85311
1.62148
-0.124296
1.50481
0.0583339
-1.86845
1.71804
0.116542
-0.0521979
-0.0183661
-1.85311
1.62301
-0.124296
1.50481
0.0567999
-1.86845
1.71804
0.116542
-0.0521979
-0.0183661
-1.85311
1.62608
-0.122762
1.50481
0.0552659
-1.86845
1.71804
0.116542
-0.0521979
-0.0183661
-1.85311
1.62762
-0.121228
1.50481
0.0552659
-1.86845
1.71804
0.116542
-0.0521979
-0.0183661
-1.85311
1.63068
-0.119694
1.50481
0.0552659
-1.86845
1.71804
0.116542
-0.0521979
-0.0183661
-1.85311
1.63068
-0.11816
1.50481
0.0552659
-1.86845