1.70577
0.233126
-0.0307219
-0.177902
-1.27633
1.69818
-0.24088
-0.073674
0.0368581
1.31766
1.69963
0.23466
-0.0307219
-0.176368
-1.27633
1.69358
-0.24088
-0.073674
0.0368581
1.31766
1.69503
0.23466
-0.0337899
-0.176368
-1.27633
1.68591
-0.24088
-0.073674
0.0368581
1.31766
1.68736
0.23466
-0.0337899
-0.176368
-1.27633
1.67977
-0.24088
-0.073674
0.0368581
1.31766
1.67969
0.236194
-0.0353239
-0.174834
-1.27633
1.67364
-0.242414
-0.073674
0.0353239
1.31766
1.67202
0.236194
-0.0368581
-0.174834
-1.27633
1.66903
-0.242414
-0.073674
0.0353239
1.31766
1.66281
0.236194
-0.0383921
-0.174834
-1.27633
1.6629
-0.242414
-0.073674
0.0353239
1.31766
1.65514
0.237728
-0.0383921
-0.1733
-1.27633
1.65523
-0.242414
-0.073674
0.0353239
1.31766
1.64594
0.239262
-0.0399261
-0.1733
-1.27633
1.64909
-0.243948
-0.073674
0.0353239
1.31766
1.63674
0.240796
-0.0399261
-0.1733
-1.27633
1.64296
-0.245482
-0.073674
0.0353239
1.31766
1.626
0.243864
-0.04146
-0.1733
-1.27633
1.63375
-0.24855
-0.073674
0.0353239
1.31766
1.61526
0.245398
-0.042994
-0.171766
-1.27633
1.62608
-0.250084
-0.073674
0.0353239
1.31766
1.60145
0.248466
-0.042994
-0.168698
-1.27633
1.61688
-0.251618
-0.073674
0.0353239
1.31766
1.58305
0.253068
-0.044528
-0.16563
-1.27786
1.60614
-0.253152
-0.073674
0.0337899
1.31766
1.5631
0.256136
-0.046062
-0.164096
-1.2794
1.59387
-0.25622
-0.073674
0.0337899
1.31766
1.54623
0.259204
-0.046062
-0.164096
-1.2794
1.58466
-0.257754
-0.073674
0.0353239
1.31766
1.52475
0.262272
-0.047596
-0.164096
-1.2794
1.57546
-0.259288
-0.073674
0.0337899
1.31766
1.50635
0.263806
-0.04913
-0.164096
-1.2794
1.56626
-0.260822
-0.073674
0.0337899
1.31766
1.4864
0.263806
-0.0506639
-0.162562
-1.2794
1.55398
-0.262356
-0.073674
0.0353239
1.31766
1.46953
0.263806
-0.0521979
-0.162562
-1.2794
1.54478
-0.262356
-0.073674
0.0337899
1.31766
1.45112
0.263806
-0.0552659
-0.162562
-1.28247
1.53404
-0.262356
-0.073674
0.0337899
1.31766
1.43425
0.26534
-0.0567999
-0.162562
-1.28553
1.52177
-0.262356
-0.073674
0.0337899
1.31766
1.41737
0.266874
-0.0598679
-0.162562
-1.28707
1.50796
-0.262356
-0.073674
0.0337899
1.31766
1.40664
0.268408
-0.0614018
-0.161028
-1.28707
1.48649
-0.262356
-0.073674
0.0337899
1.31766
1.39283
0.271476
-0.0614018
-0.161028
-1.28707
1.46808
-0.26389
-0.073674
0.0337899
1.31766
1.38363
0.27301
-0.0629361
-0.161028
-1.28707
1.4466
-0.26389
-0.073674
0.0337899
1.31766
1.37442
0.277612
-0.0629361
-0.159494
-1.28707
1.42666
-0.26389
-0.073674
0.0337899
1.31766
1.36522
0.28068
-0.0629361
-0.15796
-1.28707
1.40672
-0.26389
-0.073674
0.0337899
1.31613
1.35448
0.285282
-0.0629361
-0.15796
-1.28707
1.38831
-0.26389
-0.0767419
0.0337899
1.31613
1.34528
0.28835
-0.0644701
-0.156426
-1.28707
1.36837
-0.26389
-0.0798099
0.0337899
1.31613
1.33607
0.292952
-0.0644701
-0.156426
-1.28707
1.34996
-0.26389
-0.0798099
0.0337899
1.31613
1.32533
0.29602
-0.0644701
-0.154892
-1.28707
1.33155
-0.265424
-0.0813439
0.0337899
1.31613
1.30999
0.299088
-0.0644701
-0.153358
-1.28707
1.31315
-0.266958
-0.0813439
0.0337899
1.31613
1.29005
0.305224
-0.0644701
-0.153358
-1.28707
1.2932
-0.270026
-0.0813439
0.0337899
1.31613
1.26551
0.31136
-0.0644701
-0.151824
-1.28707
1.27019
-0.273094
-0.0813439
0.0337899
1.31613
1.23636
0.317496
-0.0644701
-0.151824
-1.28707
1.24872
-0.277696
-0.0813439
0.0337899
1.31613
1.21335
0.320564
-0.066004
-0.151824
-1.29014
1.22417
-0.280764
-0.0859461
0.0353239
1.31613
1.18421
0.322098
-0.066004
-0.151824
-1.29627
1.2027
-0.283832
-0.0874801
0.0399261
1.31613
1.15813
0.322098
-0.067538
-0.153358
-1.30548
1.17969
-0.288434
-0.0874801
0.0537319
1.31613
1.13052
0.323632
-0.069072
-0.153358
-1.31775
1.15821
-0.29457
-0.0890141
0.069072
1.31613
1.10597
0.323632
-0.070606
-0.151824
-1.33769
1.1352
-0.297638
-0.092082
0.0767419
1.31613
1.07836
0.323632
-0.070606
-0.151824
-1.3653
1.11373
-0.297638
-0.093616
0.0782759
1.31613
1.05228
0.323632
-0.070606
-0.151824
-1.38831
1.09225
-0.297638
-0.09515
0.0798099
1.31613
1.02467
0.323632
-0.07214
-0.153358
-1.41592
1.06771
-0.299172
-0.09515
0.0813439
1.31613
0.998592
0.325166
-0.07214
-0.153358
-1.44507
1.04776
-0.297638
-0.096684
0.0828779
1.31613
0.97098
0.325166
-0.07214
-0.151824
-1.47268
1.02782
-0.297638
-0.096684
0.0859461
1.31613
0.944902
0.325166
-0.07214
-0.153358
-1.50029
1.00635
-0.29457
-0.098218
0.0890141
1.31613
0.918824
0.3267
-0.07214
-0.151824
-1.5233
0.986404
-0.291502
-0.098218
0.090548
1.31613
0.897348
0.328234
-0.07214
-0.151824
-1.54631
0.964928
-0.2869
-0.098218
0.093616
1.31613
0.874338
0.328234
-0.07214
-0.151824
-1.56319
0.94652
-0.283832
-0.0997519
0.096684
1.3146
0.852862
0.328234
-0.07214
-0.153358
-1.56779
0.926578
-0.277696
-0.0997519
0.0997519
1.3146
0.834454
0.329768
-0.07214
-0.153358
-1.56779
0.90817
-0.274628
-0.0997519
0.10282
1.3146
0.81758
0.329768
-0.07214
-0.153358
-1.56779
0.889762
-0.268492
-0.101286
0.107422
1.3146
0.800706
0.331302
-0.07214
-0.153358
-1.56779
0.871354
-0.262356
-0.101286
0.11049
1.3146
0.785366
0.332836
-0.07214
-0.153358
-1.56779
0.85448
-0.25622
-0.101286
0.113558
1.31613
0.770026
0.337438
-0.07214
-0.153358
-1.56779
0.837606
-0.24855
-0.10282
0.116626
1.31613
0.757754
0.340506
-0.073674
-0.153358
-1.56779
0.822266
-0.24088
-0.104354
0.121228
1.3146
0.750084
0.346642
-0.07214
-0.153358
-1.56779
0.806926
-0.23321
-0.104354
0.124296
1.3146
0.745482
0.34971
-0.073674
-0.151824
-1.56779
0.799256
-0.22554
-0.105888
0.128898
1.31613
0.74088
0.354312
-0.073674
-0.151824
-1.56779
0.790052
-0.219404
-0.105888
0.135034
1.3146
0.737812
0.358914
-0.073674
-0.151824
-1.56779
0.780848
-0.213268
-0.105888
0.14117
1.3146
0.736278
0.36505
-0.073674
-0.151824
-1.56779
0.771644
-0.207132
-0.107422
0.147306
1.3146
0.734744
0.371186
-0.073674
-0.148756
-1.56779
0.763974
-0.200996
-0.107422
0.153442
1.3146
0.734744
0.377322
-0.073674
-0.147222
-1.56779
0.756304
-0.19486
-0.107422
0.161112
1.3146
0.73321
0.386526
-0.073674
-0.144154
-1.56779
0.750168
-0.190258
-0.107422
0.167248
1.3146
0.73321
0.392662
-0.073674
-0.141086
-1.56779
0.744032
-0.182588
-0.107422
0.174918
1.3146
0.730142
0.401866
-0.073674
-0.138018
-1.56779
0.737896
-0.176452
-0.107422
0.182588
1.3146
0.730142
0.41107
-0.073674
-0.13495
-1.56779
0.73176
-0.170316
-0.107422
0.188724
1.3146
0.727074
0.420274
-0.073674
-0.133416
-1.56779
0.727158
-0.161112
-0.107422
0.197928
1.31613
0.72554
0.427944
-0.0752079
-0.131882
-1.56779
0.721022
-0.153442
-0.107422
0.205598
1.3146
0.722472
0.435614
-0.073674
-0.128814
-1.56932
0.714886
-0.145772
-0.107422
0.216336
1.3146
0.720938
0.443284
-0.073674
-0.12728
-1.56779
0.710284
-0.138102
-0.107422
0.224006
1.31613
0.716336
0.450954
-0.0752079
-0.125746
-1.56932
0.704148
-0.130432
-0.105888
0.23321
1.31613
0.714802
0.458624
-0.0752079
-0.122678
-1.56932
0.698012
-0.121228
-0.107422
0.239346
1.3146
0.711734
0.466294
-0.073674
-0.121144
-1.57239
0.687274
-0.107422
-0.107422
0.247016
1.3146
0.7102
0.473964
-0.073674
-0.118076
-1.57546
0.679604
-0.092082
-0.105888
0.253152
1.3146
0.708666
0.483168
-0.073674
-0.115008
-1.57546
0.6704
-0.0752079
-0.107422
0.260822
1.31613
0.708666
0.492372
-0.0752079
-0.11194
-1.57546
0.66273
-0.0583339
-0.107422
0.268492
1.31613
0.707132
0.501576
-0.0752079
-0.108872
-1.57853
0.656594
-0.04146
-0.105888
0.277696
1.3146
0.705598
0.51078
-0.073674
-0.105804
-1.57699
0.651992
-0.0276539
-0.104354
0.288434
1.3146
0.705598
0.51845
-0.073674
-0.102736
-1.57699
0.64739
-0.0153821
-0.10282
0.299172
1.3146
0.704064
0.527654
-0.0752079
-0.101202
-1.57853
0.644322
-0.00924587
-0.10282
0.329852
1.31613
0.704064
0.536858
-0.0752079
-0.098134
-1.57853
0.63972
-0.00771189
-0.101286
0.3636
1.31613
0.704064
0.544528
-0.0752079
-0.0950661
-1.57853
0.636652
-0.00924587
-0.0997519
0.411154
1.31613
0.704064
0.553732
-0.0752079
-0.0919981
-1.57853
0.633584
-0.0107799
-0.098218
0.46331
1.3146
0.704064
0.56447
-0.0752079
-0.0873961
-1.57699
0.630516
-0.0153821
-0.096684
0.523136
1.31613
0.70253
0.575208
-0.0752079
-0.0843279
-1.57853
0.628982
-0.019984
-0.09515
0.581428
1.3146
0.704064
0.585946
-0.073674
-0.08126
-1.57699
0.627448
-0.024586
-0.092082
0.641254
1.31613
0.70253
0.598218
-0.073674
-0.078192
-1.57699
0.627448
-0.0276539
-0.0890141
0.702614
1.3146
0.704064
0.612024
-0.073674
-0.076658
-1.57393
0.62438
-0.0291879
-0.0859461
0.75477
1.31613
0.70253
0.6335
-0.073674
-0.078192
-1.56779
0.62438
-0.0276539
-0.0859461
0.80079
1.31613
0.700996
0.661112
-0.073674
-0.0950661
-1.56626
0.622846
-0.0276539
-0.0844119
0.83914
1.3146
0.699462
0.69486
-0.073674
-0.121144
-1.56626
0.621312
-0.0276539
-0.0828779
0.88516
1.31613
0.700996
0.72554
-0.07214
-0.139552
-1.56165
0.619778
-0.0276539
-0.0813439
0.92351
1.31613
0.700996
0.750084
-0.07214
-0.14262
-1.55859
0.618244
-0.0276539
-0.0813439
0.955724
1.31613
0.700996
0.773094
-0.066004
-0.144154
-1.55552
0.61671
-0.0261199
-0.0813439
0.974132
1.31613
0.700996
0.796104
-0.0629361
-0.15029
-1.54785
0.61671
-0.0261199
-0.0813439
0.989472
1.3146
0.700996
0.816046
-0.0614018
-0.153358
-1.54171
0.61671
-0.024586
-0.0813439
1.00021
1.31613
0.705598
0.828318
-0.0598679
-0.154892
-1.53097
0.615176
-0.023052
-0.0813439
1.00174
1.31613
0.711734
0.837522
-0.0583339
-0.154892
-1.51717
0.61671
-0.021518
-0.0798099
1.00174
1.31613
0.713268
0.845192
-0.0567999
-0.156426
-1.49569
0.61671
-0.019984
-0.0798099
1.00174
1.3146
0.719404
0.852862
-0.0552659
-0.156426
-1.47728
0.61671
-0.019984
-0.0798099
1.00174
1.31613
0.722472
0.857464
-0.0537319
-0.154892
-1.46194
0.61671
-0.01845
-0.0798099
1.00174
1.31613
0.728608
0.865134
-0.0506639
-0.154892
-1.45734
0.61671
-0.0153821
-0.0798099
1.00174
1.31613
0.73321
0.87127
-0.0506639
-0.154892
-1.45581
0.61671
-0.0107799
-0.0798099
1.00328
1.31613
0.74088
0.87894
-0.04913
-0.154892
-1.45581
0.61671
-0.00771189
-0.0782759
1.00635
1.31613
0.747016
0.883542
-0.046062
-0.154892
-1.45581
0.61671
-0.00464392
-0.0782759
1.01248
1.31613
0.754686
0.891212
-0.046062
-0.153358
-1.45734
0.618244
-0.00464392
-0.0767419
1.02322
1.31613
0.760822
0.895814
-0.044528
-0.153358
-1.45734
0.621312
-0.00464392
-0.0767419
1.03396
1.31613
0.768492
0.90195
-0.044528
-0.151824
-1.45734
0.627448
-0.00310993
-0.0767419
1.04316
1.31613
0.776162
0.908086
-0.042994
-0.147222
-1.45734
0.633584
-4.19617e-05
-0.0767419
1.04623
1.31613
0.782298
0.914222
-0.042994
-0.138018
-1.45734
0.638186
0.00149202
-0.0767419
1.04776
1.3146
0.788434
0.920358
-0.042994
-0.130348
-1.45734
0.642788
0.00455999
-0.0767419
1.04623
1.31613
0.796104
0.926494
-0.042994
-0.128814
-1.45734
0.645856
0.00762796
-0.0767419
1.04776
1.31613
0.80224
0.93263
-0.04146
-0.128814
-1.45734
0.650458
0.00916195
-0.0767419
1.04623
1.31613
0.80991
0.938766
-0.04146
-0.128814
-1.45734
0.65506
0.0106959
-0.0767419
1.04776
1.31613
0.816046
0.943368
-0.04146
-0.128814
-1.45734
0.658128
0.0122299
-0.0767419
1.04776
1.31613
0.822182
0.94797
-0.04146
-0.128814
-1.45734
0.66273
0.0137641
-0.0767419
1.04776
1.31613
0.828318
0.951038
-0.04146
-0.128814
-1.45734
0.665798
0.0152981
-0.0767419
1.0493
1.31613
0.83292
0.95564
-0.04146
-0.128814
-1.45734
0.6704
0.0183661
-0.0767419
1.05237
1.31613
0.837522
0.960242
-0.04146
-0.128814
-1.45734
0.673468
0.0199001
-0.0767419
1.0539
1.31613
0.842124
0.964844
-0.04146
-0.128814
-1.45734
0.676536
0.024502
-0.0767419
1.05697
1.3146
0.845192
0.97098
-0.04146
-0.128814
-1.45734
0.681138
0.02757
-0.0767419
1.0585
1.31613
0.849794
0.975582
-0.0399261
-0.128814
-1.45734
0.684206
0.030638
-0.0767419
1.06157
1.31613
0.852862
0.981718
-0.04146
-0.128814
-1.45734
0.688808
0.0352399
-0.0767419
1.06157
1.31613
0.85593
0.989388
-0.0399261
-0.128814
-1.45734
0.69341
0.0383081
-0.0767419
1.0631
1.31613
0.858998
0.995524
-0.0399261
-0.128814
-1.45734
0.698012
0.0413761
-0.0767419
1.06464
1.31613
0.862066
1.00013
-0.0383921
-0.128814
-1.45734
0.70108
0.0444441
-0.0767419
1.06464
1.31613
0.866668
1.00626
-0.0368581
-0.128814
-1.45734
0.705682
0.0475121
-0.0767419
1.06464
1.31613
0.87127
1.01086
-0.0353239
-0.128814
-1.45581
0.710284
0.05058
-0.0767419
1.06464
1.31613
0.877406
1.01547
-0.0322559
-0.128814
-1.45581
0.713352
0.053648
-0.0767419
1.06617
1.31613
0.880474
1.02007
-0.0322559
-0.128814
-1.45274
0.71642
0.05825
-0.0752079
1.06771
1.3146
0.885076
1.02314
-0.0307219
-0.128814
-1.44967
0.721022
0.0613179
-0.0752079
1.06924
1.31613
0.889678
1.02774
-0.0291879
-0.128814
-1.44814
0.72409
0.0659201
-0.0752079
1.07077
1.31613
0.892746
1.03234
-0.0276539
-0.128814
-1.44507
0.727158
0.0689881
-0.0752079
1.07077
1.31613
0.895814
1.03694
-0.0276539
-0.128814
-1.44354
0.730226
0.0720561
-0.0752079
1.07077
1.31613
0.900416
1.04154
-0.0261199
-0.128814
-1.44047
0.733294
0.076658
-0.0752079
1.07077
1.31613
0.903484
1.04461
-0.024586
-0.128814
-1.4374
0.736362
0.079726
-0.073674
1.07077
1.31613
0.908086
1.04921
-0.023052
-0.128814
-1.43433
0.737896
0.082794
-0.073674
1.07231
1.31613
0.911154
1.05382
-0.023052
-0.128814
-1.42973
0.73943
0.0858622
-0.07214
1.07231
1.31613
0.915756
1.05842
-0.021518
-0.128814
-1.42513
0.740964
0.0904641
-0.07214
1.07384
1.31613
0.918824
1.06149
-0.021518
-0.128814
-1.42053
0.744032
0.0935321
-0.07214
1.07384
1.31613
0.920358
1.06302
-0.021518
-0.128814
-1.41746
0.745566
0.098134
-0.070606
1.07384
1.31613
0.921892
1.06609
-0.019984
-0.128814
-1.41439
0.7471
0.099668
-0.070606
1.07384
1.3146
0.92496
1.06916
-0.019984
-0.128814
-1.41439
0.748634
0.102736
-0.070606
1.07384
1.31613
0.926494
1.07222
-0.019984
-0.128814
-1.41286
0.748634
0.105804
-0.070606
1.07384
1.31613
0.928028
1.07376
-0.019984
-0.128814
-1.41132
0.750168
0.108872
-0.069072
1.07384
1.31613
0.929562
1.07683
-0.019984
-0.128814
-1.40979
0.751702
0.110406
-0.069072
1.07384
1.31613
0.931096
1.07836
-0.019984
-0.128814
-1.40979
0.751702
0.11194
-0.069072
1.07384
1.31613
0.93263
1.07989
-0.01845
-0.128814
-1.40979
0.753236
0.113474
-0.069072
1.07384
1.31613
0.934164
1.08143
-0.01845
-0.128814
-1.40979
0.753236
0.116542
-0.067538
1.07384
1.31613
0.935698
1.08143
-0.01845
-0.128814
-1.40979
0.753236
0.118076
-0.067538
1.07384
1.31613
0.937232
1.08296
-0.01845
-0.128814
-1.40979
0.75477
0.118076
-0.067538
1.07231
1.31613
0.937232
1.08296
-0.01845
-0.130348
-1.40979
0.75477
0.11961
-0.067538
1.07231
1.3146
0.938766
1.0845
-0.01845
-0.128814
-1.40979
0.75477
0.11961
-0.066004
1.07384
1.31613
0.9403
1.08296
-0.01845
-0.128814
-1.40979
0.75477
0.11961
-0.066004
1.07384
1.31613
0.941834
1.08296
-0.019984
-0.130348
-1.40825
0.75477
0.11961
-0.066004
1.07384
1.31613
0.941834
1.08296
-0.01845
-0.130348
-1.40979
0.75477
0.11961
-0.066004
1.07384
1.31613
0.941834
1.08296
-0.01845
-0.130348
-1.40825
0.75477
0.11961
-0.066004
1.07384
1.31613
0.943368
1.08296
-0.01845
-0.130348
-1.40979
0.75477
0.11961
-0.066004
1.07231
1.31613
0.943368
1.08296
-0.01845
-0.133416
-1.40979
0.75477
0.11961
-0.066004
1.07231
1.31613
0.943368
1.08296
-0.01845
-0.138018
-1.40979
0.75477
0.11961
-0.066004
1.07384
1.31613
0.943368
1.08296
-0.01845
-0.14262
-1.40979
0.75477
0.11961
-0.0644701
1.07231
1.31613
0.943368
1.08296
-0.01845
-0.147222
-1.40979
0.75477
0.11961
-0.0644701
1.07231
1.31613
0.943368
1.08296
-0.01845
-0.151824
-1.40979
0.75477
0.11961
-0.0629361
1.06924
1.3146
0.943368
1.08143
-0.01845
-0.151824
-1.40979
0.75477
0.11961
-0.0629361
1.0631
1.31613
0.946436
1.07836
-0.01845
-0.151824
-1.40979
0.75477
0.121144
-0.0629361
1.05543
1.31613
0.946436
1.07529
-0.01845
-0.151824
-1.40979
0.75477
0.121144
-0.0614018
1.0447
1.31613
0.94797
1.07069
-0.01845
-0.151824
-1.40979
0.75477
0.122678
-0.0614018
1.03396
1.31613
0.94797
1.06455
-0.01845
-0.151824
-1.40979
0.75477
0.11961
-0.0598679
1.02475
1.31613
0.94797
1.05688
-0.01845
-0.151824
-1.40979
0.75477
0.116542
-0.0583339
1.02169
1.31613
0.94797
1.04921
-0.01845
-0.151824
-1.40979
0.75477
0.11194
-0.0583339
1.02015
1.31613
0.94797
1.04154
-0.01845
-0.151824
-1.40979
0.75477
0.107338
-0.0583339
1.02015
1.31613
0.94797
1.03541
-0.01845
-0.153358
-1.40979
0.75477
0.101202
-0.0583339
1.01862
1.31613
0.94797
1.03234
-0.01845
-0.15796
-1.40979
0.75477
0.0966001
-0.0567999
1.01708
1.3146
0.946436
1.02774
-0.01845
-0.159494
-1.40979
0.75477
0.0904641
-0.0552659
1.01555
1.31613
0.946436
1.02314
-0.01845
-0.161028
-1.40979
0.75477
0.0858622
-0.0537319
1.01402
1.31613
0.944902
1.017
-0.01845
-0.162562
-1.40825
0.753236
0.08126
-0.0521979
1.01248
1.31613
0.943368
1.0124
-0.01845
-0.16563
-1.40979
0.753236
0.076658
-0.0506639
1.00941
1.31613
0.943368
1.00626
-0.01845
-0.168698
-1.40979
0.751702
0.07359
-0.04913
1.00788
1.31613
0.943368
1.00013
-0.019984
-0.171766
-1.40979
0.750168
0.0705221
-0.047596
1.00481
1.3146
0.943368
0.99399
-0.019984
-0.174834
-1.40825
0.750168
0.0674541
-0.046062
1.00328
1.31613
0.941834
0.987854
-0.019984
-0.176368
-1.40825
0.748634
0.0659201
-0.042994
1.00174
1.31613
0.9403
0.980184
-0.019984
-0.177902
-1.40825
0.748634
0.0643861
-0.04146
0.998676
1.31613
0.938766
0.972514
-0.019984
-0.179436
-1.40825
0.7471
0.0643861
-0.0399261
0.997142
1.31613
0.929562
0.964844
-0.019984
-0.18097
-1.40825
0.745566
0.0613179
-0.0383921
0.994074
1.31613
0.92496
0.95564
-0.019984
-0.182504
-1.40979
0.744032
0.0613179
-0.0368581
0.989472
1.31613
0.921892
0.949504
-0.021518
-0.184038
-1.40979
0.742498
0.0597839
-0.0368581
0.986404
1.31613
0.918824
0.941834
-0.021518
-0.187106
-1.41132
0.740964
0.05825
-0.0353239
0.983336
1.31613
0.915756
0.934164
-0.021518
-0.18864
-1.41286
0.73943
0.056716
-0.0337899
0.980268
1.31613
0.914222
0.926494
-0.021518
-0.190174
-1.41286
0.73943
0.055182
-0.0337899
0.9772
1.31613
0.911154
0.918824
-0.021518
-0.191708
-1.41286
0.737896
0.053648
-0.0322559
0.972598
1.31613
0.908086
0.90962
-0.021518
-0.193242
-1.41439
0.736362
0.052114
-0.0307219
0.966462
1.31613
0.903484
0.90195
-0.021518
-0.194776
-1.41439
0.733294
0.05058
-0.0307219
0.963394
1.31613
0.898882
0.891212
-0.021518
-0.194776
-1.41439
0.73176
0.0459781
-0.0291879
0.958792
1.31613
0.89428
0.882008
-0.023052
-0.194776
-1.41439
0.730226
0.0429101
-0.0291879
0.95419
1.3146
0.889678
0.872804
-0.023052
-0.197844
-1.41439
0.728692
0.0398421
-0.0276539
0.948054
1.31613
0.885076
0.865134
-0.023052
-0.200912
-1.41439
0.727158
0.0367742
-0.0261199
0.943452
1.31613
0.880474
0.854396
-0.023052
-0.202446
-1.41439
0.725624
0.0337059
-0.024586
0.937316
1.31613
0.875872
0.846726
-0.023052
-0.20398
-1.41439
0.72409
0.030638
-0.024586
0.932714
1.31613
0.872804
0.837522
-0.023052
-0.205514
-1.41439
0.722556
0.02757
-0.023052
0.928112
1.31613
0.868202
0.829852
-0.023052
-0.207048
-1.41439
0.721022
0.026036
-0.021518
0.921976
1.31613
0.8636
0.820648
-0.023052
-0.208582
-1.41439
0.721022
0.0229681
-0.021518
0.917374
1.31613
0.860532
0.811444
-0.0261199
-0.210116
-1.41439
0.719488
0.0199001
-0.019984
0.911238
1.31613
0.857464
0.803774
-0.0291879
-0.21165
-1.41439
0.719488
0.0183661
-0.01845
0.905102
1.31613
0.852862
0.79457
-0.0291879
-0.213184
-1.41439
0.719488
0.0152981
-0.01845
0.898966
1.31613
0.849794
0.7869
-0.0307219
-0.213184
-1.41439
0.719488
0.0122299
-0.016916
0.89283
1.31613
0.845192
0.777696
-0.0307219
-0.214718
-1.41439
0.717954
0.00916195
-0.016916
0.886694
1.31613
0.842124
0.768492
-0.0307219
-0.216252
-1.41439
0.717954
0.00762796
-0.0153821
0.880558
1.31613
0.84059
0.760822
-0.0307219
-0.217786
-1.41439
0.717954
0.00455999
-0.0138481
0.874422
1.31613
0.837522
0.751618
-0.0322559
-0.21932
-1.41439
0.717954
0.00302601
-0.0138481
0.868286
1.3146
0.834454
0.74088
-0.0307219
-0.220854
-1.41439
0.717954
-4.19617e-05
-0.0123138
0.860616
1.31613
0.829852
0.727074
-0.0322559
-0.220854
-1.41592
0.717954
-0.00310993
-0.0123138
0.85448
1.3146
0.82525
0.707132
-0.0322559
-0.21932
-1.42513
0.717954
-0.0061779
-0.0107799
0.84681
1.3146
0.819114
0.693326
-0.0322559
-0.21932
-1.43433
0.717954
-0.0107799
-0.00924587
0.83914
1.3146
0.808376
0.676452
-0.0322559
-0.21932
-1.4374
0.717954
-0.0138481
-0.00771189
0.83147
1.3146
0.800706
0.658044
-0.0337899
-0.220854
-1.442
0.717954
-0.016916
-0.00771189
0.825334
1.3146
0.79457
0.64117
-0.0337899
-0.220854
-1.44814
0.717954
-0.019984
-0.0061779
0.817664
1.3146
0.788434
0.622762
-0.0337899
-0.220854
-1.45427
0.71642
-0.023052
-0.00464392
0.809994
1.3146
0.780764
0.598218
-0.0337899
-0.21932
-1.46041
0.71642
-0.0261199
-0.00464392
0.802324
1.3146
0.773094
0.570606
-0.0337899
-0.205514
-1.46348
0.717954
-0.0291879
-0.00310993
0.79312
1.3146
0.762356
0.536858
-0.0353239
-0.18097
-1.46655
0.717954
-0.0337899
-0.00310993
0.786984
1.3146
0.753152
0.506178
-0.0399261
-0.16563
-1.46961
0.71642
-0.0383921
-0.00310993
0.779314
1.3146
0.742414
0.483168
-0.04146
-0.164096
-1.47115
0.71642
-0.042994
-0.00157595
0.771644
1.3146
0.736278
0.461692
-0.042994
-0.164096
-1.47575
0.71642
-0.046062
-0.00157595
0.76244
1.3146
0.73321
0.440216
-0.044528
-0.164096
-1.48035
0.71642
-0.04913
-4.19617e-05
0.753236
1.3146
0.730142
0.421808
-0.046062
-0.161028
-1.48495
0.71642
-0.0506639
-4.19617e-05
0.742498
1.3146
0.728608
0.400332
-0.046062
-0.159494
-1.48956
0.714886
-0.04913
0.00149202
0.719488
1.3146
0.727074
0.381924
-0.047596
-0.15796
-1.49416
0.713352
-0.047596
0.00302601
0.687274
1.3146
0.72554
0.363516
-0.047596
-0.15796
-1.49876
0.711818
-0.046062
0.00455999
0.645856
1.3146
0.722472
0.348176
-0.04913
-0.156426
-1.50336
0.710284
-0.04146
0.00609398
0.60137
1.3146
0.720938
0.331302
-0.0506639
-0.154892
-1.50643
0.70875
-0.0368581
0.00762796
0.54768
1.3146
0.719404
0.314428
-0.0506639
-0.153358
-1.51103
0.705682
-0.0307219
0.00762796
0.498592
1.3146
0.719404
0.300622
-0.0521979
-0.151824
-1.5141
0.702614
-0.023052
0.00762796
0.444902
1.3146
0.719404
0.286816
-0.0537319
-0.15029
-1.5187
0.70108
-0.016916
0.00762796
0.398882
1.3146
0.719404
0.277612
-0.0537319
-0.15029
-1.52177
0.698012
-0.0123138
0.00762796
0.352862
1.3146
0.716336
0.269942
-0.0552659
-0.15029
-1.5233
0.696478
-0.00924587
0.00762796
0.31758
1.3146
0.716336
0.263806
-0.0552659
-0.15029
-1.5233
0.694944
-0.00771189
0.00762796
0.289968
1.3146
0.716336
0.25767
-0.0552659
-0.15029
-1.5233
0.69341
-0.00310993
0.00762796
0.25622
1.3146
0.71787
0.251534
-0.0552659
-0.151824
-1.5233
0.691876
-4.19617e-05
0.00762796
0.220938
1.3146
0.71787
0.245398
-0.0552659
-0.151824
-1.5233
0.690342
-4.19617e-05
0.00609398
0.193326
1.3146
0.716336
0.239262
-0.0552659
-0.151824
-1.52484
0.690342
0.00149202
0.00762796
0.170316
1.3146
0.716336
0.23466
-0.0552659
-0.15029
-1.52791
0.690342
-4.19617e-05
0.00762796
0.14884
1.3146
0.71787
0.230058
-0.0552659
-0.15029
-1.53097
0.690342
-4.19617e-05
0.00762796
0.128898
1.3146
0.71787
0.223922
-0.0552659
-0.151824
-1.53251
0.690342
-4.19617e-05
0.00609398
0.105888
1.3146
0.71787
0.21932
-0.0552659
-0.151824
-1.53404
0.690342
0.00149202
0.00609398
0.0828779
1.3146
0.71787
0.213184
-0.0552659
-0.153358
-1.53558
0.690342
0.00149202
0.00609398
0.0583339
1.3146
0.719404
0.208582
-0.0552659
-0.154892
-1.53558
0.690342
-4.19617e-05
0.00609398
0.0399261
1.3146
0.720938
0.20398
-0.0552659
-0.153358
-1.53558
0.690342
-0.00464392
0.00609398
0.0276539
1.3146
0.724006
0.197844
-0.0552659
-0.153358
-1.53558
0.690342
-0.0138481
0.00455999
0.0276539
1.3146
0.728608
0.193242
-0.0552659
-0.153358
-1.53558
0.690342
-0.021518
0.00302601
0.0276539
1.3146
0.731676
0.187106
-0.0552659
-0.154892
-1.53558
0.690342
-0.0322559
0.00149202
0.0276539
1.3146
0.73321
0.182504
-0.0552659
-0.15796
-1.53558
0.690342
-0.04146
0.00149202
0.0261199
1.3146
0.736278
0.179436
-0.0552659
-0.164096
-1.53558
0.694944
-0.04913
0.00149202
0.0261199
1.3146
0.74088
0.174834
-0.0552659
-0.164096
-1.53558
0.698012
-0.0583339
0.00149202
0.024586
1.3146
0.743948
0.170232
-0.0552659
-0.164096
-1.53711
0.698012
-0.0644701
-4.19617e-05
0.024586
1.31306
0.747016
0.164096
-0.0552659
-0.16563
-1.53558
0.699546
-0.07214
-0.00157595
0.024586
1.3146
0.750084
0.161028
-0.0552659
-0.164096
-1.53558
0.702614
-0.0767419
-0.00157595
0.024586
1.31306
0.754686
0.156426
-0.0552659
-0.164096
-1.53558
0.707216
-0.0828779
-0.00310993
0.024586
1.31306
0.757754
0.153358
-0.0552659
-0.162562
-1.53558
0.710284
-0.0890141
-0.00464392
0.024586
1.31306
0.762356
0.15029
-0.0552659
-0.162562
-1.53711
0.714886
-0.09515
-0.00464392
0.024586
1.31306
0.765424
0.147222
-0.0537319
-0.162562
-1.53558
0.721022
-0.0997519
-0.0061779
0.024586
1.31306
0.770026
0.147222
-0.0552659
-0.162562
-1.53711
0.727158
-0.105888
-0.00771189
0.024586
1.31306
0.777696
0.147222
-0.0552659
-0.161028
-1.53558
0.733294
-0.11049
-0.00771189
0.024586
1.31306
0.783832
0.147222
-0.0552659
-0.15796
-1.53558
0.73943
-0.115092
-0.00924587
0.024586
1.31306
0.789968
0.147222
-0.0552659
-0.153358
-1.53711
0.745566
-0.11816
-0.0107799
0.024586
1.31306
0.799172
0.148756
-0.0537319
-0.153358
-1.53711
0.751702
-0.122762
-0.0123138
0.024586
1.31306
0.806842
0.15029
-0.0552659
-0.151824
-1.53558
0.759372
-0.12583
-0.0123138
0.024586
1.31306
0.814512
0.151824
-0.0537319
-0.15029
-1.53558
0.767042
-0.130432
-0.0138481
0.024586
1.31306
0.823716
0.154892
-0.0537319
-0.15029
-1.53558
0.774712
-0.1335
-0.0153821
0.024586
1.31306
0.831386
0.159494
-0.0537319
-0.15029
-1.53558
0.783916
-0.138102
-0.016916
0.023052
1.31306
0.84059
0.164096
-0.0537319
-0.15029
-1.53404
0.79312
-0.142704
-0.01845
0.024586
1.31306
0.849794
0.168698
-0.0537319
-0.15029
-1.53251
0.80079
-0.145772
-0.01845
0.024586
1.31306
0.860532
0.1733
-0.0537319
-0.15029
-1.53251
0.809994
-0.150374
-0.019984
0.024586
1.31153
0.872804
0.177902
-0.0537319
-0.148756
-1.53251
0.819198
-0.153442
-0.019984
0.024586
1.31153
0.885076
0.182504
-0.0506639
-0.15029
-1.53251
0.828402
-0.158044
-0.021518
0.024586
1.31153
0.897348
0.185572
-0.047596
-0.148756
-1.53097
0.837606
-0.162646
-0.023052
0.024586
1.31153
0.908086
0.190174
-0.046062
-0.147222
-1.52637
0.849878
-0.167248
-0.023052
0.024586
1.31306
0.918824
0.193242
-0.044528
-0.145688
-1.52484
0.859082
-0.17185
-0.023052
0.024586
1.31306
0.929562
0.19631
-0.044528
-0.145688
-1.5233
0.871354
-0.176452
-0.023052
0.024586
1.31153
0.938766
0.197844
-0.044528
-0.144154
-1.5233
0.88516
-0.182588
-0.024586
0.024586
1.31153
0.951038
0.199378
-0.044528
-0.144154
-1.5233
0.9005
-0.190258
-0.024586
0.024586
1.31306
0.96331
0.202446
-0.044528
-0.144154
-1.5233
0.91584
-0.196394
-0.0276539
0.024586
1.31153
0.974048
0.20398
-0.044528
-0.14262
-1.5233
0.932714
-0.20253
-0.0276539
0.024586
1.31153
0.984786
0.207048
-0.044528
-0.144154
-1.5233
0.943452
-0.208666
-0.0291879
0.024586
1.31153
0.995524
0.210116
-0.044528
-0.14262
-1.52177
0.960326
-0.214802
-0.0291879
0.024586
1.31153
1.00933
0.21165
-0.044528
-0.141086
-1.5233
0.975666
-0.222472
-0.0291879
0.024586
1.31153
1.01853
0.213184
-0.044528
-0.141086
-1.52177
0.991006
-0.230142
-0.0291879
0.024586
1.31153
1.02927
0.216252
-0.044528
-0.138018
-1.52177
1.00941
-0.236278
-0.0291879
0.024586
1.31153
1.03848
0.217786
-0.044528
-0.138018
-1.52177
1.02475
-0.242414
-0.0291879
0.024586
1.31153
1.04768
0.21932
-0.044528
-0.138018
-1.52177
1.04009
-0.250084
-0.0307219
0.024586
1.31306
1.05688
0.222388
-0.044528
-0.136484
-1.52177
1.0539
-0.254686
-0.0291879
0.024586
1.31306
1.06455
0.223922
-0.044528
-0.13495
-1.52177
1.06924
-0.260822
-0.0307219
0.024586
1.31153
1.07222
0.225456
-0.044528
-0.13495
-1.52177
1.07998
-0.26389
-0.0307219
0.024586
1.31153
1.07989
0.228524
-0.044528
-0.131882
-1.52177
1.09072
-0.265424
-0.0307219
0.024586
1.31153
1.08756
0.230058
-0.044528
-0.131882
-1.52177
1.09992
-0.268492
-0.0307219
0.024586
1.31153
1.09523
0.231592
-0.044528
-0.128814
-1.52177
1.10912
-0.268492
-0.0322559
0.024586
1.31153
1.10137
0.233126
-0.044528
-0.12728
-1.52177
1.11833
-0.270026
-0.0322559
0.024586
1.31306
1.11057
0.23466
-0.044528
-0.12728
-1.52177
1.1306
-0.270026
-0.0307219
0.024586
1.31153
1.11671
0.236194
-0.044528
-0.125746
-1.52024
1.14287
-0.27156
-0.0307219
0.024586
1.31153
1.12591
0.237728
-0.044528
-0.124212
-1.52177
1.15208
-0.27156
-0.0307219
0.024586
1.31153
1.13512
0.239262
-0.044528
-0.122678
-1.52177
1.15975
-0.27156
-0.0307219
0.024586
1.31153
1.14586
0.240796
-0.044528
-0.122678
-1.52177
1.16742
-0.27156
-0.0307219
0.024586
1.31153
1.15506
0.24233
-0.044528
-0.122678
-1.52177
1.17662
-0.27156
-0.0307219
0.024586
1.31306
1.16733
0.243864
-0.044528
-0.121144
-1.52177
1.18429
-0.27156
-0.0307219
0.024586
1.31153
1.18114
0.245398
-0.044528
-0.121144
-1.52177
1.19043
-0.27156
-0.0307219
0.024586
1.31153
1.19341
0.246932
-0.044528
-0.121144
-1.52177
1.1981
-0.27156
-0.0307219
0.024586
1.31306
1.20261
0.246932
-0.044528
-0.121144
-1.52177
1.20883
-0.27156
-0.0322559
0.024586
1.31153
1.21489
0.246932
-0.044528
-0.121144
-1.52177
1.2165
-0.273094
-0.0307219
0.024586
1.31306
1.22716
0.246932
-0.044528
-0.121144
-1.52177
1.22417
-0.273094
-0.0322559
0.024586
1.31306
1.24863
0.248466
-0.044528
-0.11961
-1.52177
1.23338
-0.274628
-0.0322559
0.024586
1.31153
1.26858
0.248466
-0.044528
-0.11961
-1.52024
1.24105
-0.274628
-0.0307219
0.024586
1.31153
1.29159
0.25
-0.044528
-0.11961
-1.52024
1.24872
-0.274628
-0.0322559
0.024586
1.31153
1.3146
0.251534
-0.044528
-0.11961
-1.5187
1.25792
-0.276162
-0.0322559
0.024586
1.31153
1.33914
0.253068
-0.044528
-0.11961
-1.5141
1.26713
-0.276162
-0.0322559
0.024586
1.31153
1.36522
0.254602
-0.044528
-0.11961
-1.5095
1.2794
-0.277696
-0.0322559
0.024586
1.31153
1.38669
0.256136
-0.044528
-0.11961
-1.50643
1.29627
-0.27923
-0.0322559
0.0261199
1.31153
1.40664
0.25767
-0.044528
-0.11961
-1.50029
1.31161
-0.282298
-0.0322559
0.024586
1.31153
1.42811
0.260738
-0.044528
-0.11961
-1.49416
1.32695
-0.283832
-0.0322559
0.0261199
1.31153
1.44959
0.262272
-0.044528
-0.11961
-1.48495
1.34229
-0.285366
-0.0307219
0.024586
1.31153
1.468
0.262272
-0.044528
-0.11961
-1.47882
1.35763
-0.2869
-0.0322559
0.024586
1.31153
1.4864
0.260738
-0.044528
-0.11961
-1.47575
1.3699
-0.2869
-0.0307219
0.0261199
1.31153
1.50174
0.259204
-0.044528
-0.121144
-1.47422
1.38218
-0.2869
-0.0322559
0.0261199
1.31153
1.51402
0.254602
-0.044528
-0.121144
-1.47422
1.39138
-0.285366
-0.0322559
0.024586
1.31153
1.52322
0.248466
-0.044528
-0.121144
-1.47422
1.40212
-0.285366
-0.0322559
0.024586
1.31153
1.52936
0.240796
-0.044528
-0.121144
-1.47422
1.40979
-0.283832
-0.0322559
0.0261199
1.31153
1.53242
0.23466
-0.044528
-0.121144
-1.47422
1.41899
-0.283832
-0.0322559
0.0261199
1.31153
1.53242
0.22699
-0.044528
-0.121144
-1.47422
1.4282
-0.282298
-0.0322559
0.0261199
1.31153
1.53242
0.222388
-0.044528
-0.122678
-1.47422
1.4374
-0.282298
-0.0322559
0.0261199
1.31153
1.53242
0.217786
-0.044528
-0.12728
-1.47422
1.4466
-0.282298
-0.0322559
0.0261199
1.31153
1.53242
0.214718
-0.044528
-0.139552
-1.47422
1.45581
-0.282298
-0.0322559
0.0261199
1.31153
1.53396
0.214718
-0.044528
-0.154892
-1.47575
1.46348
-0.282298
-0.0307219
0.0261199
1.31153
1.53549
0.21165
-0.044528
-0.162562
-1.47422
1.47115
-0.282298
-0.0307219
0.0261199
1.31153
1.53703
0.207048
-0.044528
-0.162562
-1.47422
1.47882
-0.283832
-0.0307219
0.0261199
1.31153
1.54009
0.207048
-0.044528
-0.162562
-1.47115
1.48649
-0.283832
-0.0322559
0.0261199
1.31306
1.54623
0.205514
-0.044528
-0.162562
-1.47268
1.49416
-0.283832
-0.0307219
0.0261199
1.31306
1.55237
0.202446
-0.044528
-0.162562
-1.47115
1.50029
-0.283832
-0.0307219
0.0276539
1.31306
1.5585
0.199378
-0.044528
-0.162562
-1.47268
1.50643
-0.283832
-0.0291879
0.0291879
1.31306
1.56464
0.199378
-0.044528
-0.162562
-1.47115
1.51257
-0.282298
-0.0276539
0.0291879
1.31306
1.57077
0.197844
-0.044528
-0.162562
-1.47115
1.5187
-0.282298
-0.0261199
0.0291879
1.31306
1.57691
0.197844
-0.044528
-0.162562
-1.47115
1.52484
-0.280764
-0.0261199
0.0291879
1.31306
1.58458
0.197844
-0.044528
-0.162562
-1.47115
1.53097
-0.280764
-0.0261199
0.0307219
1.31306
1.58918
0.19631
-0.044528
-0.162562
-1.47115
1.53558
-0.280764
-0.0261199
0.0322559
1.31306
1.59532
0.197844
-0.044528
-0.162562
-1.47268
1.54171
-0.280764
-0.0261199
0.0337899
1.31306
1.59992
0.19631
-0.044528
-0.162562
-1.47115
1.54631
-0.280764
-0.0261199
0.0337899
1.31306
1.60759
0.19631
-0.044528
-0.162562
-1.47115
1.55245
-0.280764
-0.0261199
0.0337899
1.31306
1.61219
0.19631
-0.044528
-0.164096
-1.47268
1.55705
-0.27923
-0.0261199
0.0322559
1.31306
1.61833
0.197844
-0.044528
-0.164096
-1.47115
1.56319
-0.27923
-0.0261199
0.0337899
1.31306
1.62446
0.197844
-0.044528
-0.162562
-1.47115
1.56779
-0.280764
-0.0261199
0.0337899
1.31306
1.6306
0.197844
-0.044528
-0.162562
-1.47115
1.57239
-0.27923
-0.0261199
0.0337899
1.31306
1.63674
0.197844
-0.044528
-0.162562
-1.47115
1.57699
-0.27923
-0.0261199
0.0337899
1.31306
1.64287
0.197844
-0.044528
-0.162562
-1.47268
1.58313
-0.27923
-0.0261199
0.0337899
1.31306
1.64901
0.197844
-0.044528
-0.162562
-1.47268
1.58773
-0.27923
-0.0261199
0.0337899
1.31306
1.65514
0.199378
-0.044528
-0.162562
-1.47268
1.59233
-0.27923
-0.0261199
0.0337899
1.31306
1.65975
0.199378
-0.044528
-0.162562
-1.47268
1.59694
-0.27923
-0.0261199
0.0337899
1.31306
1.66435
0.199378
-0.044528
-0.162562
-1.47422
1.60154
-0.277696
-0.0261199
0.0337899
1.31306
1.66742
0.197844
-0.044528
-0.162562
-1.47882
1.60614
-0.277696
-0.0261199
0.0337899
1.31306
1.66895
0.197844
-0.044528
-0.162562
-1.48189
1.61074
-0.276162
-0.0261199
0.0337899
1.31306
1.66895
0.197844
-0.046062
-0.162562
-1.48495
1.61534
-0.274628
-0.0261199
0.0337899
1.31306
1.67048
0.197844
-0.044528
-0.162562
-1.48495
1.61995
-0.273094
-0.0261199
0.0337899
1.31306
1.67202
0.197844
-0.044528
-0.162562
-1.48495
1.62455
-0.270026
-0.0261199
0.0337899
1.31306
1.67202
0.197844
-0.044528
-0.162562
-1.48495
1.62762
-0.268492
-0.0261199
0.0337899
1.31306
1.67355
0.197844
-0.044528
-0.162562
-1.48495
1.63222
-0.265424
-0.0261199
0.0337899
1.31306
1.67509
0.197844
-0.044528
-0.162562
-1.48495
1.63529
-0.26389
-0.0261199
0.0337899
1.31306
1.67509
0.19631
-0.044528
-0.162562
-1.48495
1.64142
-0.260822
-0.0261199
0.0337899
1.31306
1.67662
0.197844
-0.044528
-0.162562
-1.48495
1.64602
-0.257754
-0.0261199
0.0337899
1.31306
1.67815
0.19631
-0.044528
-0.162562
-1.48495
1.64909
-0.253152
-0.0261199
0.0337899
1.3146
1.67815
0.197844
-0.044528
-0.162562
-1.48495
1.65369
-0.251618
-0.0261199
0.0337899
1.3146
1.67969
0.197844
-0.044528
-0.162562
-1.48495
1.6583
-0.24855
-0.024586
0.0337899
1.3146
1.67969
0.19631
-0.044528
-0.162562
-1.48495
1.6629
-0.247016
-0.024586
0.0337899
1.31306