1.71344
0.20398
-0.112024
-0.0444441
-1.33309
1.69358
-0.253152
-0.024586
0.096684
1.53703
1.71344
0.20398
-0.112024
-0.0444441
-1.33309
1.69358
-0.254686
-0.024586
0.096684
1.53703
1.71344
0.205514
-0.112024
-0.0444441
-1.33309
1.69358
-0.254686
-0.024586
0.098218
1.53856
1.71344
0.205514
-0.11049
-0.0444441
-1.33155
1.69358
-0.25622
-0.024586
0.096684
1.53703
1.71344
0.207048
-0.112024
-0.0444441
-1.33155
1.69358
-0.257754
-0.0261199
0.098218
1.53703
1.71344
0.208582
-0.11049
-0.0444441
-1.33155
1.69358
-0.259288
-0.024586
0.0997519
1.53703
1.71344
0.208582
-0.11049
-0.0444441
-1.33155
1.69358
-0.26389
-0.024586
0.0997519
1.53703
1.71344
0.208582
-0.112024
-0.0429101
-1.33155
1.69358
-0.266958
-0.024586
0.0997519
1.53549
1.71344
0.208582
-0.112024
-0.0413761
-1.33155
1.69358
-0.270026
-0.024586
0.0997519
1.53703
1.7119
0.207048
-0.112024
-0.0413761
-1.33155
1.69204
-0.273094
-0.0261199
0.0997519
1.53549
1.71037
0.207048
-0.112024
-0.0413761
-1.33155
1.68898
-0.276162
-0.0261199
0.0997519
1.53703
1.70423
0.207048
-0.112024
-0.0413761
-1.33155
1.68284
-0.277696
-0.0261199
0.0997519
1.53703
1.6981
0.208582
-0.112024
-0.0413761
-1.33155
1.67824
-0.27923
-0.0261199
0.0997519
1.53703
1.69349
0.208582
-0.112024
-0.0413761
-1.33155
1.67364
-0.27923
-0.0261199
0.0997519
1.53703
1.68889
0.208582
-0.112024
-0.0413761
-1.33155
1.67057
-0.27923
-0.0261199
0.0997519
1.53703
1.68276
0.208582
-0.112024
-0.0413761
-1.33155
1.66597
-0.27923
-0.0261199
0.0997519
1.53703
1.67662
0.208582
-0.112024
-0.0413761
-1.33155
1.66136
-0.27923
-0.0276539
0.0997519
1.53703
1.67048
0.208582
-0.112024
-0.0413761
-1.33155
1.65523
-0.27923
-0.0307219
0.0997519
1.53703
1.66435
0.210116
-0.112024
-0.0413761
-1.33155
1.65063
-0.27923
-0.0322559
0.0997519
1.53703
1.65975
0.210116
-0.112024
-0.0413761
-1.33155
1.64449
-0.27923
-0.0322559
0.0997519
1.53703
1.65514
0.210116
-0.112024
-0.0413761
-1.33155
1.63835
-0.277696
-0.0337899
0.0997519
1.53703
1.64901
0.21165
-0.112024
-0.0413761
-1.33155
1.63068
-0.277696
-0.0337899
0.0997519
1.53703
1.64287
0.213184
-0.112024
-0.0413761
-1.33155
1.62455
-0.277696
-0.0337899
0.0997519
1.53703
1.63674
0.214718
-0.112024
-0.0413761
-1.33155
1.61841
-0.277696
-0.0337899
0.0997519
1.53703
1.6306
0.216252
-0.112024
-0.0383081
-1.33155
1.61074
-0.277696
-0.0353239
0.0997519
1.53703
1.626
0.216252
-0.112024
-0.0352399
-1.33155
1.60461
-0.27923
-0.0368581
0.0997519
1.53703
1.61833
0.217786
-0.112024
-0.0352399
-1.33155
1.59694
-0.27923
-0.0368581
0.0997519
1.53703
1.61219
0.217786
-0.112024
-0.0352399
-1.33155
1.58927
-0.277696
-0.0383921
0.0997519
1.53549
1.60452
0.217786
-0.112024
-0.0352399
-1.33155
1.58313
-0.27923
-0.0383921
0.0997519
1.53703
1.59685
0.217786
-0.112024
-0.0352399
-1.33155
1.57546
-0.277696
-0.0383921
0.0997519
1.53703
1.58918
0.217786
-0.112024
-0.0352399
-1.33155
1.56779
-0.277696
-0.0399261
0.0997519
1.53703
1.58151
0.21932
-0.112024
-0.0337059
-1.33155
1.56012
-0.277696
-0.0399261
0.0997519
1.53703
1.57384
0.21932
-0.112024
-0.030638
-1.33155
1.55245
-0.277696
-0.0399261
0.0997519
1.53703
1.56771
0.21932
-0.112024
-0.0214341
-1.33155
1.54325
-0.277696
-0.0399261
0.0997519
1.53703
1.5585
0.21932
-0.112024
-0.0183661
-1.33155
1.53404
-0.277696
-0.0399261
0.0997519
1.53703
1.5539
0.220854
-0.112024
-0.0183661
-1.33155
1.52637
-0.277696
-0.0399261
0.0997519
1.53703
1.5447
0.222388
-0.112024
-0.0183661
-1.33155
1.51717
-0.277696
-0.04146
0.0997519
1.53703
1.53856
0.223922
-0.112024
-0.0183661
-1.33155
1.5095
-0.277696
-0.0399261
0.0997519
1.53703
1.52936
0.223922
-0.112024
-0.0183661
-1.33155
1.49876
-0.277696
-0.04146
0.0997519
1.53703
1.52015
0.223922
-0.112024
-0.0183661
-1.33155
1.49109
-0.277696
-0.04146
0.0997519
1.53703
1.51095
0.223922
-0.112024
-0.0183661
-1.33155
1.48035
-0.277696
-0.04146
0.0997519
1.53703
1.50174
0.225456
-0.112024
-0.0183661
-1.33155
1.46808
-0.277696
-0.04146
0.0997519
1.53549
1.49101
0.223922
-0.112024
-0.0183661
-1.33155
1.45888
-0.277696
-0.042994
0.0997519
1.53703
1.48027
0.223922
-0.112024
-0.0199001
-1.33155
1.4466
-0.276162
-0.042994
0.0997519
1.53703
1.46186
0.225456
-0.112024
-0.0229681
-1.33155
1.4374
-0.277696
-0.044528
0.0997519
1.53703
1.44345
0.223922
-0.11049
-0.024502
-1.33155
1.42513
-0.276162
-0.046062
0.0997519
1.53703
1.42504
0.222388
-0.112024
-0.024502
-1.33155
1.41286
-0.276162
-0.046062
0.0997519
1.53703
1.4097
0.217786
-0.11049
-0.024502
-1.33155
1.39445
-0.273094
-0.047596
0.101286
1.53703
1.39283
0.214718
-0.11049
-0.024502
-1.33155
1.37451
-0.270026
-0.04913
0.0997519
1.53703
1.37902
0.21165
-0.112024
-0.024502
-1.33155
1.3515
-0.265424
-0.0506639
0.0997519
1.53703
1.36215
0.210116
-0.11049
-0.024502
-1.33155
1.33002
-0.257754
-0.0521979
0.0997519
1.53703
1.34834
0.208582
-0.112024
-0.024502
-1.33155
1.31008
-0.253152
-0.0521979
0.0997519
1.53703
1.32994
0.20398
-0.112024
-0.024502
-1.33155
1.29474
-0.251618
-0.0537319
0.0997519
1.53703
1.31153
0.20398
-0.112024
-0.032172
-1.33155
1.2794
-0.247016
-0.0552659
0.101286
1.53703
1.29465
0.20398
-0.11049
-0.0475121
-1.33155
1.26866
-0.243948
-0.0583339
0.0997519
1.53703
1.27471
0.20398
-0.112024
-0.055182
-1.33155
1.25639
-0.242414
-0.0598679
0.0997519
1.53703
1.25477
0.199378
-0.112024
-0.05825
-1.33155
1.24565
-0.24088
-0.0614018
0.0997519
1.53703
1.23483
0.191708
-0.11049
-0.0613179
-1.33155
1.23338
-0.24088
-0.0614018
0.0997519
1.53703
1.21642
0.187106
-0.11049
-0.0628521
-1.33155
1.22111
-0.239346
-0.0629361
0.0997519
1.53703
1.19648
0.179436
-0.112024
-0.0643861
-1.33155
1.20577
-0.239346
-0.0644701
0.0997519
1.53703
1.18114
0.174834
-0.112024
-0.0643861
-1.33155
1.18276
-0.234744
-0.066004
0.0997519
1.53703
1.16426
0.171766
-0.112024
-0.0643861
-1.33155
1.16128
-0.228608
-0.067538
0.101286
1.53703
1.14892
0.170232
-0.112024
-0.0643861
-1.33155
1.13674
-0.219404
-0.069072
0.101286
1.53856
1.13358
0.168698
-0.112024
-0.0643861
-1.33155
1.11373
-0.208666
-0.07214
0.101286
1.53703
1.11978
0.167164
-0.116626
-0.0659201
-1.33002
1.08918
-0.193326
-0.0752079
0.101286
1.53703
1.10751
0.164096
-0.11816
-0.0674541
-1.33155
1.06924
-0.181054
-0.0767419
0.101286
1.53703
1.0983
0.161028
-0.122762
-0.0720561
-1.33309
1.0493
-0.167248
-0.0782759
0.101286
1.53703
1.08603
0.154892
-0.12583
-0.076658
-1.33462
1.03396
-0.15651
-0.0782759
0.101286
1.53703
1.07529
0.151824
-0.12583
-0.079726
-1.33769
1.02015
-0.147306
-0.0782759
0.101286
1.53703
1.05688
0.145688
-0.127364
-0.08126
-1.33922
1.00788
-0.139636
-0.0798099
0.101286
1.53703
1.04308
0.139552
-0.128898
-0.08126
-1.34076
0.99254
-0.1335
-0.0798099
0.107422
1.53703
1.02774
0.133416
-0.128898
-0.0843279
-1.34229
0.975666
-0.12583
-0.0813439
0.113558
1.53703
1.017
0.12728
-0.130432
-0.0858622
-1.34689
0.958792
-0.116626
-0.0813439
0.113558
1.53703
1.00473
0.121144
-0.1335
-0.0889301
-1.3515
0.944986
-0.108956
-0.0813439
0.115092
1.53703
0.992456
0.116542
-0.135034
-0.0919981
-1.35763
0.926578
-0.0997519
-0.0828779
0.11816
1.53703
0.983252
0.110406
-0.139636
-0.0966001
-1.36684
0.90817
-0.0844119
-0.0828779
0.11816
1.53703
0.974048
0.10427
-0.14117
-0.099668
-1.38064
0.891296
-0.070606
-0.0828779
0.11816
1.53703
0.966378
0.101202
-0.142704
-0.10427
-1.39138
0.874422
-0.0552659
-0.0828779
0.11816
1.53703
0.958708
0.099668
-0.144238
-0.108872
-1.39598
0.860616
-0.04146
-0.0828779
0.11816
1.53703
0.951038
0.0966001
-0.145772
-0.113474
-1.39598
0.84681
-0.0276539
-0.0828779
0.11816
1.53703
0.943368
0.0935321
-0.147306
-0.118076
-1.39752
0.833004
-0.0153821
-0.0828779
0.11816
1.53703
0.938766
0.0904641
-0.14884
-0.122678
-1.39752
0.819198
-0.00157595
-0.0828779
0.11816
1.53703
0.93263
0.0873961
-0.150374
-0.12728
-1.39752
0.80846
0.00916195
-0.0828779
0.11816
1.53703
0.92496
0.0843279
-0.151908
-0.13495
-1.39752
0.797722
0.0199001
-0.0828779
0.11816
1.53703
0.91729
0.08126
-0.153442
-0.141086
-1.40212
0.790052
0.02757
-0.0813439
0.119694
1.53703
0.90962
0.075124
-0.15651
-0.148756
-1.40519
0.780848
0.0337059
-0.0798099
0.122762
1.53703
0.90195
0.0720561
-0.158044
-0.154892
-1.40979
0.771644
0.0398421
-0.0798099
0.127364
1.53703
0.892746
0.0674541
-0.161112
-0.159494
-1.41439
0.76244
0.0459781
-0.0798099
0.130432
1.53703
0.882008
0.0643861
-0.162646
-0.167164
-1.42053
0.753236
0.052114
-0.0798099
0.130432
1.53703
0.872804
0.0613179
-0.165714
-0.174834
-1.42513
0.744032
0.05825
-0.0798099
0.130432
1.53703
0.862066
0.055182
-0.170316
-0.182504
-1.43126
0.736362
0.0628521
-0.0798099
0.131966
1.53703
0.851328
0.052114
-0.173384
-0.190174
-1.4374
0.728692
0.0674541
-0.0798099
0.130432
1.53703
0.84059
0.0475121
-0.176452
-0.19631
-1.442
0.721022
0.0720561
-0.0798099
0.130432
1.53856
0.831386
0.0429101
-0.17952
-0.202446
-1.44507
0.714886
0.076658
-0.0798099
0.130432
1.53703
0.820648
0.0383081
-0.182588
-0.208582
-1.44814
0.70875
0.08126
-0.073674
0.130432
1.53703
0.812978
0.0337059
-0.18719
-0.217786
-1.45121
0.704148
0.0858622
-0.07214
0.131966
1.53703
0.803774
0.029104
-0.190258
-0.225456
-1.45581
0.698012
0.0919981
-0.070606
0.130432
1.53703
0.79457
0.0229681
-0.19486
-0.23466
-1.46194
0.69341
0.098134
-0.067538
0.131966
1.53703
0.785366
0.0168321
-0.199462
-0.24233
-1.46655
0.687274
0.10427
-0.066004
0.131966
1.53703
0.777696
0.0122299
-0.205598
-0.248466
-1.47115
0.682672
0.110406
-0.0644701
0.130432
1.53856
0.768492
0.00609398
-0.208666
-0.254602
-1.47575
0.67807
0.118076
-0.0629361
0.131966
1.53856
0.762356
0.00149202
-0.213268
-0.260738
-1.47882
0.673468
0.124212
-0.0598679
0.1335
1.53703
0.75622
-0.00310993
-0.216336
-0.269942
-1.47882
0.6704
0.128814
-0.0583339
0.1335
1.53703
0.751618
-0.00924587
-0.220938
-0.28068
-1.48035
0.665798
0.13495
-0.0552659
0.1335
1.53703
0.747016
-0.0138481
-0.227074
-0.289884
-1.48189
0.66273
0.141086
-0.0506639
0.1335
1.53703
0.743948
-0.0153821
-0.239346
-0.309826
-1.48189
0.659662
0.145688
-0.047596
0.135034
1.53703
0.742414
-0.0153821
-0.25622
-0.33437
-1.48189
0.656594
0.151824
-0.044528
0.1335
1.53703
0.742414
-0.0138481
-0.274628
-0.360448
-1.48189
0.653526
0.15796
-0.04146
0.135034
1.53703
0.742414
-0.0138481
-0.289968
-0.383458
-1.48189
0.650458
0.164096
-0.0368581
0.135034
1.53856
0.74088
-0.0153821
-0.305308
-0.4034
-1.48189
0.64739
0.168698
-0.0322559
0.135034
1.53856
0.74088
-0.0153821
-0.31758
-0.424876
-1.48189
0.644322
0.1733
-0.0291879
0.1335
1.53703
0.74088
-0.016916
-0.326784
-0.437148
-1.48189
0.642788
0.177902
-0.0261199
0.135034
1.53703
0.74088
-0.016916
-0.329852
-0.440216
-1.48189
0.63972
0.182504
-0.023052
0.135034
1.53703
0.74088
-0.016916
-0.329852
-0.440216
-1.48189
0.638186
0.185572
-0.019984
0.1335
1.53703
0.743948
-0.016916
-0.329852
-0.438682
-1.48035
0.635118
0.18864
-0.01845
0.1335
1.53703
0.74855
-0.0153821
-0.329852
-0.438682
-1.48035
0.633584
0.190174
-0.01845
0.1335
1.53703
0.750084
-0.0153821
-0.329852
-0.438682
-1.48035
0.630516
0.191708
-0.016916
0.135034
1.53703
0.750084
-0.016916
-0.329852
-0.438682
-1.47882
0.630516
0.191708
-0.016916
0.1335
1.53703
0.750084
-0.016916
-0.329852
-0.438682
-1.48035
0.630516
0.193242
-0.0138481
0.1335
1.53856
0.750084
-0.016916
-0.329852
-0.438682
-1.48035
0.628982
0.19631
-0.0138481
0.135034
1.53703
0.750084
-0.016916
-0.329852
-0.438682
-1.48035
0.628982
0.199378
-0.0107799
0.1335
1.53856
0.750084
-0.0153821
-0.329852
-0.438682
-1.47882
0.628982
0.202446
-0.00924587
0.1335
1.53856
0.750084
-0.0153821
-0.329852
-0.437148
-1.48035
0.628982
0.205514
-0.00924587
0.1335
1.53703
0.750084
-0.0138481
-0.329852
-0.437148
-1.47882
0.628982
0.207048
-0.00771189
0.1335
1.53703
0.750084
-0.0123138
-0.329852
-0.437148
-1.48035
0.628982
0.208582
-0.00771189
0.1335
1.53703
0.751618
-0.0123138
-0.329852
-0.435614
-1.47882
0.628982
0.210116
-0.00771189
0.1335
1.53703
0.751618
-0.0107799
-0.329852
-0.437148
-1.48035
0.628982
0.210116
-0.00771189
0.1335
1.53856
0.751618
-0.0123138
-0.329852
-0.437148
-1.47882
0.628982
0.210116
-0.0061779
0.131966
1.53703
0.751618
-0.0123138
-0.329852
-0.437148
-1.47882
0.628982
0.210116
-0.0061779
0.130432
1.53703
0.751618
-0.0138481
-0.329852
-0.437148
-1.47882
0.628982
0.21165
-0.00771189
0.130432
1.53703
0.750084
-0.0138481
-0.329852
-0.437148
-1.47882
0.628982
0.213184
-0.00771189
0.130432
1.53703
0.750084
-0.0153821
-0.328318
-0.437148
-1.47882
0.628982
0.213184
-0.0061779
0.130432
1.53703
0.750084
-0.0153821
-0.329852
-0.437148
-1.47882
0.628982
0.214718
-0.0061779
0.130432
1.53703
0.750084
-0.0153821
-0.329852
-0.437148
-1.48035
0.628982
0.214718
-0.0061779
0.130432
1.53703
0.750084
-0.0153821
-0.329852
-0.437148
-1.47882
0.628982
0.214718
-0.0061779
0.130432
1.53856
0.751618
-0.0153821
-0.329852
-0.435614
-1.47882
0.628982
0.214718
-0.0061779
0.12583
1.53856
0.751618
-0.0153821
-0.329852
-0.435614
-1.48035
0.628982
0.214718
-0.0061779
0.11816
1.53703
0.751618
-0.016916
-0.329852
-0.435614
-1.47882
0.628982
0.214718
-0.0061779
0.115092
1.53856
0.751618
-0.016916
-0.329852
-0.435614
-1.47882
0.628982
0.214718
-0.0061779
0.113558
1.53703
0.751618
-0.016916
-0.328318
-0.435614
-1.47882
0.628982
0.214718
-0.0061779
0.115092
1.53703
0.751618
-0.016916
-0.329852
-0.435614
-1.48035
0.627448
0.214718
-0.0061779
0.115092
1.53703
0.751618
-0.01845
-0.329852
-0.435614
-1.47882
0.627448
0.214718
-0.0061779
0.113558
1.53703
0.751618
-0.01845
-0.329852
-0.435614
-1.47882
0.628982
0.216252
-0.0061779
0.115092
1.53703
0.751618
-0.01845
-0.329852
-0.435614
-1.47882
0.628982
0.216252
-0.0061779
0.115092
1.53703
0.751618
-0.01845
-0.329852
-0.43408
-1.47882
0.628982
0.216252
-0.0061779
0.115092
1.53856
0.751618
-0.01845
-0.329852
-0.43408
-1.47882
0.628982
0.217786
-0.0061779
0.115092
1.53703
0.751618
-0.01845
-0.329852
-0.43408
-1.47882
0.628982
0.217786
-0.0061779
0.115092
1.53856
0.751618
-0.01845
-0.329852
-0.43408
-1.47882
0.628982
0.21932
-0.0061779
0.115092
1.53703
0.751618
-0.01845
-0.329852
-0.43408
-1.47882
0.628982
0.21932
-0.0061779
0.115092
1.53703
0.751618
-0.01845
-0.329852
-0.432546
-1.47882
0.628982
0.21932
-0.0061779
0.113558
1.53703
0.751618
-0.01845
-0.329852
-0.431012
-1.47882
0.628982
0.220854
-0.0061779
0.115092
1.53703
0.750084
-0.01845
-0.329852
-0.431012
-1.47882
0.627448
0.220854
-0.0061779
0.115092
1.53703
0.750084
-0.01845
-0.329852
-0.431012
-1.47882
0.628982
0.220854
-0.0061779
0.115092
1.53703
0.751618
-0.01845
-0.329852
-0.431012
-1.47882
0.628982
0.222388
-0.0061779
0.115092
1.53703
0.751618
-0.01845
-0.329852
-0.429478
-1.47882
0.628982
0.222388
-0.0061779
0.115092
1.53703
0.751618
-0.01845
-0.329852
-0.429478
-1.47882
0.628982
0.222388
-0.0061779
0.115092
1.53703
0.751618
-0.01845
-0.329852
-0.429478
-1.47882
0.627448
0.222388
-0.0061779
0.115092
1.53856
0.751618
-0.01845
-0.329852
-0.429478
-1.47882
0.628982
0.222388
-0.0061779
0.113558
1.53856
0.751618
-0.01845
-0.329852
-0.429478
-1.47882
0.627448
0.222388
-0.0061779
0.113558
1.53856
0.751618
-0.019984
-0.329852
-0.429478
-1.47728
0.628982
0.222388
-0.0061779
0.113558
1.53703
0.751618
-0.021518
-0.329852
-0.429478
-1.47882
0.628982
0.222388
-0.0061779
0.113558
1.53703
0.751618
-0.023052
-0.329852
-0.427944
-1.47728
0.628982
0.222388
-0.0061779
0.115092
1.53856
0.751618
-0.023052
-0.329852
-0.429478
-1.47728
0.628982
0.223922
-0.0061779
0.115092
1.53856
0.751618
-0.024586
-0.329852
-0.427944
-1.47728
0.628982
0.223922
-0.0061779
0.115092
1.53703
0.751618
-0.024586
-0.329852
-0.427944
-1.47422
0.627448
0.225456
-0.0061779
0.115092
1.53703
0.753152
-0.0261199
-0.329852
-0.427944
-1.47268
0.628982
0.225456
-0.0061779
0.115092
1.53703
0.754686
-0.0261199
-0.329852
-0.427944
-1.47115
0.628982
0.225456
-0.0061779
0.115092
1.53703
0.754686
-0.0261199
-0.329852
-0.427944
-1.47115
0.628982
0.223922
-0.0061779
0.113558
1.53856
0.75622
-0.0276539
-0.329852
-0.427944
-1.46961
0.628982
0.223922
-0.0061779
0.113558
1.53703
0.754686
-0.0276539
-0.329852
-0.427944
-1.46961
0.628982
0.223922
-0.0061779
0.113558
1.53703
0.754686
-0.0276539
-0.328318
-0.42641
-1.46961
0.628982
0.223922
-0.0061779
0.113558
1.53703
0.75622
-0.0291879
-0.329852
-0.424876
-1.46961
0.628982
0.223922
-0.0061779
0.113558
1.53703
0.75622
-0.0291879
-0.328318
-0.424876
-1.46808
0.628982
0.222388
-0.0061779
0.115092
1.53703
0.754686
-0.0291879
-0.329852
-0.424876
-1.46808
0.628982
0.223922
-0.0061779
0.113558
1.53703
0.75622
-0.0291879
-0.328318
-0.423342
-1.46655
0.628982
0.223922
-0.0061779
0.113558
1.53703
0.75622
-0.0291879
-0.329852
-0.421808
-1.46655
0.628982
0.223922
-0.0061779
0.113558
1.53856
0.75622
-0.0291879
-0.329852
-0.420274
-1.46501
0.628982
0.223922
-0.0061779
0.115092
1.53703
0.75622
-0.0291879
-0.328318
-0.41874
-1.46348
0.628982
0.223922
-0.0061779
0.115092
1.53703
0.757754
-0.0291879
-0.329852
-0.415672
-1.46194
0.628982
0.222388
-0.0061779
0.113558
1.53703
0.757754
-0.0291879
-0.328318
-0.414138
-1.46041
0.628982
0.222388
-0.0061779
0.113558
1.53856
0.757754
-0.0291879
-0.328318
-0.412604
-1.45888
0.628982
0.220854
-0.0061779
0.113558
1.53856
0.759288
-0.0291879
-0.328318
-0.41107
-1.45734
0.628982
0.21932
-0.0061779
0.113558
1.53856
0.759288
-0.0291879
-0.329852
-0.409536
-1.45581
0.628982
0.217786
-0.0061779
0.113558
1.53703
0.757754
-0.0291879
-0.329852
-0.408002
-1.45734
0.628982
0.217786
-0.0061779
0.113558
1.53856
0.757754
-0.0291879
-0.329852
-0.406468
-1.45734
0.628982
0.216252
-0.0061779
0.113558
1.53703
0.757754
-0.0291879
-0.329852
-0.406468
-1.45734
0.627448
0.214718
-0.0061779
0.113558
1.53703
0.757754
-0.0291879
-0.329852
-0.404934
-1.45734
0.628982
0.213184
-0.0061779
0.113558
1.53703
0.759288
-0.0291879
-0.328318
-0.4034
-1.45581
0.628982
0.213184
-0.0061779
0.113558
1.53856
0.760822
-0.0291879
-0.329852
-0.4034
-1.45427
0.628982
0.21165
-0.0061779
0.113558
1.53856
0.762356
-0.0307219
-0.329852
-0.401866
-1.45121
0.628982
0.21165
-0.0061779
0.113558
1.53703
0.76389
-0.0307219
-0.329852
-0.400332
-1.44967
0.628982
0.210116
-0.0061779
0.115092
1.53703
0.765424
-0.0307219
-0.329852
-0.398798
-1.4466
0.627448
0.208582
-0.0061779
0.113558
1.53703
0.766958
-0.0307219
-0.328318
-0.39573
-1.4466
0.628982
0.208582
-0.0061779
0.113558
1.53703
0.766958
-0.0307219
-0.328318
-0.394196
-1.44507
0.628982
0.207048
-0.0061779
0.113558
1.53856
0.768492
-0.0322559
-0.329852
-0.391128
-1.44354
0.628982
0.207048
-0.0061779
0.113558
1.53703
0.768492
-0.0307219
-0.329852
-0.38806
-1.442
0.628982
0.205514
-0.0061779
0.113558
1.53703
0.768492
-0.0322559
-0.329852
-0.386526
-1.44047
0.628982
0.202446
-0.0061779
0.113558
1.53703
0.768492
-0.0307219
-0.329852
-0.383458
-1.43893
0.628982
0.199378
-0.0061779
0.113558
1.53703
0.768492
-0.0307219
-0.328318
-0.381924
-1.43893
0.628982
0.197844
-0.0061779
0.113558
1.53703
0.768492
-0.0307219
-0.329852
-0.378856
-1.4374
0.628982
0.194776
-0.0061779
0.113558
1.53703
0.768492
-0.0307219
-0.328318
-0.375788
-1.43587
0.628982
0.193242
-0.00771189
0.11049
1.53703
0.768492
-0.0307219
-0.329852
-0.371186
-1.43433
0.628982
0.190174
-0.00771189
0.105888
1.53703
0.768492
-0.0307219
-0.329852
-0.366584
-1.4328
0.628982
0.187106
-0.00771189
0.10282
1.53703
0.770026
-0.0307219
-0.328318
-0.363516
-1.43126
0.628982
0.184038
-0.00771189
0.101286
1.53703
0.770026
-0.0307219
-0.328318
-0.358914
-1.42973
0.628982
0.18097
-0.00924587
0.101286
1.53703
0.770026
-0.0307219
-0.329852
-0.354312
-1.42666
0.628982
0.176368
-0.0107799
0.101286
1.53703
0.77156
-0.0307219
-0.328318
-0.34971
-1.42513
0.628982
0.1733
-0.0107799
0.101286
1.53703
0.773094
-0.0291879
-0.326784
-0.343574
-1.42359
0.628982
0.171766
-0.0123138
0.0997519
1.53703
0.774628
-0.0291879
-0.326784
-0.338972
-1.42053
0.628982
0.168698
-0.0123138
0.09515
1.53703
0.774628
-0.0291879
-0.32525
-0.33437
-1.41746
0.628982
0.167164
-0.0123138
0.093616
1.53703
0.776162
-0.0276539
-0.323716
-0.328234
-1.41592
0.628982
0.16563
-0.0138481
0.090548
1.53703
0.77923
-0.0276539
-0.322182
-0.322098
-1.41286
0.630516
0.164096
-0.0138481
0.0874801
1.53703
0.77923
-0.0261199
-0.322182
-0.317496
-1.41132
0.63205
0.161028
-0.0138481
0.0859461
1.53703
0.782298
-0.024586
-0.320648
-0.312894
-1.40979
0.633584
0.156426
-0.0153821
0.0828779
1.53703
0.783832
-0.023052
-0.319114
-0.306758
-1.40672
0.633584
0.153358
-0.0153821
0.0813439
1.53703
0.7869
-0.019984
-0.31758
-0.302156
-1.40672
0.635118
0.151824
-0.0153821
0.0813439
1.53856
0.789968
-0.01845
-0.316046
-0.297554
-1.40519
0.636652
0.148756
-0.016916
0.0813439
1.53703
0.791502
-0.0153821
-0.314512
-0.292952
-1.40519
0.63972
0.147222
-0.016916
0.0798099
1.53703
0.79457
-0.0138481
-0.311444
-0.286816
-1.40519
0.642788
0.144154
-0.016916
0.0782759
1.53703
0.797638
-0.0107799
-0.308376
-0.28068
-1.40365
0.645856
0.14262
-0.016916
0.0782759
1.53703
0.80224
-0.00924587
-0.306842
-0.274544
-1.40058
0.648924
0.139552
-0.01845
0.0767419
1.53703
0.806842
-0.00464392
-0.303774
-0.268408
-1.39905
0.651992
0.138018
-0.019984
0.073674
1.53703
0.811444
-4.19617e-05
-0.300706
-0.262272
-1.39598
0.65506
0.133416
-0.021518
0.069072
1.53703
0.816046
0.00455999
-0.296104
-0.256136
-1.39445
0.658128
0.128814
-0.021518
0.066004
1.53703
0.820648
0.00762796
-0.293036
-0.251534
-1.39445
0.661196
0.124212
-0.023052
0.0629361
1.53703
0.82525
0.0122299
-0.291502
-0.246932
-1.39291
0.664264
0.11961
-0.024586
0.0614018
1.53856
0.828318
0.0137641
-0.289968
-0.24233
-1.39445
0.668866
0.113474
-0.024586
0.0583339
1.53703
0.83292
0.0168321
-0.288434
-0.236194
-1.39445
0.6704
0.108872
-0.0261199
0.0567999
1.53856
0.834454
0.0199001
-0.2869
-0.230058
-1.39291
0.675002
0.105804
-0.0261199
0.0537319
1.53703
0.839056
0.0214341
-0.285366
-0.222388
-1.39291
0.67807
0.101202
-0.0261199
0.0521979
1.53856
0.843658
0.024502
-0.283832
-0.216252
-1.39291
0.681138
0.098134
-0.0276539
0.0506639
1.53703
0.84826
0.02757
-0.280764
-0.208582
-1.39138
0.684206
0.0935321
-0.0276539
0.047596
1.53856
0.854396
0.032172
-0.27923
-0.200912
-1.38985
0.688808
0.0889301
-0.0291879
0.046062
1.53703
0.858998
0.0352399
-0.276162
-0.191708
-1.38831
0.690342
0.0843279
-0.0291879
0.042994
1.53856
0.8636
0.0367742
-0.274628
-0.184038
-1.38831
0.69341
0.079726
-0.0307219
0.04146
1.53703
0.868202
0.0383081
-0.274628
-0.176368
-1.38831
0.696478
0.075124
-0.0322559
0.0383921
1.53703
0.872804
0.0398421
-0.274628
-0.167164
-1.38831
0.70108
0.0705221
-0.0322559
0.0368581
1.53703
0.875872
0.0429101
-0.274628
-0.15796
-1.38831
0.704148
0.0659201
-0.0337899
0.0353239
1.53703
0.880474
0.0444441
-0.274628
-0.15029
-1.38831
0.707216
0.0613179
-0.0322559
0.0337899
1.53703
0.885076
0.0459781
-0.27156
-0.14262
-1.38831
0.710284
0.05825
-0.0337899
0.0322559
1.53856
0.889678
0.049046
-0.270026
-0.133416
-1.38831
0.714886
0.052114
-0.0337899
0.0322559
1.53703
0.89428
0.05058
-0.266958
-0.124212
-1.38831
0.719488
0.0475121
-0.0337899
0.0322559
1.53703
0.898882
0.052114
-0.265424
-0.116542
-1.38678
0.725624
0.0413761
-0.0337899
0.0322559
1.53856
0.903484
0.055182
-0.26389
-0.107338
-1.38524
0.73176
0.0367742
-0.0337899
0.0322559
1.53703
0.90962
0.055182
-0.262356
-0.099668
-1.38524
0.736362
0.032172
-0.0353239
0.0322559
1.53703
0.915756
0.056716
-0.262356
-0.0904641
-1.38524
0.742498
0.02757
-0.0337899
0.0322559
1.53703
0.921892
0.05825
-0.260822
-0.082794
-1.38524
0.748634
0.0214341
-0.0353239
0.0322559
1.53703
0.928028
0.0597839
-0.259288
-0.07359
-1.38524
0.753236
0.0168321
-0.0353239
0.0322559
1.53856
0.934164
0.0597839
-0.257754
-0.0643861
-1.38371
0.760906
0.0106959
-0.0353239
0.0322559
1.53856
0.941834
0.0597839
-0.25622
-0.053648
-1.38218
0.768576
0.00455999
-0.0353239
0.0307219
1.53856
0.94797
0.0597839
-0.250084
-0.030638
-1.38064
0.774712
-4.19617e-05
-0.0353239
0.0322559
1.53856
0.957174
0.0597839
-0.243948
-0.0122299
-1.38064
0.780848
-0.0061779
-0.0353239
0.0307219
1.53856
0.967912
0.0628521
-0.24088
-0.0122299
-1.38064
0.788518
-0.0107799
-0.0353239
0.0307219
1.53703
0.977116
0.0659201
-0.239346
-0.0122299
-1.38064
0.796188
-0.01845
-0.0353239
0.0322559
1.53856
0.98632
0.0689881
-0.239346
-0.0122299
-1.38064
0.803858
-0.0261199
-0.0353239
0.0307219
1.53856
0.992456
0.0705221
-0.239346
-0.0122299
-1.38064
0.811528
-0.0322559
-0.0353239
0.0307219
1.53856
1.00166
0.07359
-0.24088
-0.0122299
-1.38064
0.819198
-0.0399261
-0.0353239
0.0291879
1.53856
1.00933
0.076658
-0.239346
-0.0122299
-1.38064
0.825334
-0.047596
-0.0353239
0.0307219
1.53856
1.01547
0.079726
-0.24088
-0.0122299
-1.38064
0.833004
-0.0552659
-0.0353239
0.0307219
1.53703
1.02314
0.082794
-0.24088
-0.0122299
-1.38064
0.842208
-0.0629361
-0.0353239
0.0291879
1.53856
1.03234
0.0858622
-0.239346
-0.0122299
-1.38064
0.848344
-0.070606
-0.0353239
0.0307219
1.53856
1.04154
0.0904641
-0.24088
-0.0122299
-1.38064
0.859082
-0.0798099
-0.0353239
0.0307219
1.53856
1.05228
0.0935321
-0.24088
-0.0106959
-1.37911
0.866752
-0.0874801
-0.0353239
0.0307219
1.53856
1.06455
0.098134
-0.239346
-0.0106959
-1.37757
0.875956
-0.09515
-0.0353239
0.0307219
1.53856
1.07989
0.10427
-0.239346
-0.0106959
-1.37451
0.883626
-0.101286
-0.0353239
0.0307219
1.53856
1.0983
0.113474
-0.237812
-0.0122299
-1.37297
0.891296
-0.105888
-0.0353239
0.0307219
1.53703
1.11364
0.122678
-0.234744
-0.0106959
-1.37144
0.9005
-0.11049
-0.0368581
0.0307219
1.53856
1.13358
0.13495
-0.231676
-0.0106959
-1.36837
0.909704
-0.115092
-0.0368581
0.0307219
1.53856
1.15199
0.144154
-0.230142
-0.0106959
-1.3653
0.918908
-0.11816
-0.0383921
0.0307219
1.53856
1.17193
0.154892
-0.227074
-0.0106959
-1.36223
0.928112
-0.119694
-0.0399261
0.0307219
1.53703
1.18881
0.164096
-0.224006
-0.0106959
-1.35917
0.941918
-0.124296
-0.0399261
0.0307219
1.53856
1.20415
0.171766
-0.222472
-0.0122299
-1.35763
0.955724
-0.128898
-0.0399261
0.0307219
1.53856
1.21642
0.176368
-0.21787
-0.0122299
-1.35456
0.971064
-0.136568
-0.042994
0.0307219
1.53856
1.22256
0.177902
-0.214802
-0.0122299
-1.35303
0.986404
-0.144238
-0.042994
0.0307219
1.53856
1.22716
0.177902
-0.2102
-0.0137641
-1.3515
1.00481
-0.153442
-0.042994
0.0307219
1.53703
1.23023
0.177902
-0.207132
-0.0122299
-1.34996
1.02015
-0.162646
-0.042994
0.0322559
1.53856
1.23329
0.176368
-0.20253
-0.0137641
-1.34689
1.03856
-0.173384
-0.042994
0.0307219
1.53856
1.24096
0.176368
-0.199462
-0.0137641
-1.34689
1.0539
-0.177986
-0.042994
0.0307219
1.53856
1.24863
0.176368
-0.197928
-0.0137641
-1.34689
1.06617
-0.17952
-0.042994
0.0322559
1.53856
1.2563
0.176368
-0.19486
-0.0137641
-1.34689
1.07844
-0.182588
-0.042994
0.0322559
1.53856
1.26551
0.176368
-0.193326
-0.0137641
-1.34689
1.09225
-0.185656
-0.042994
0.0322559
1.53703
1.27471
0.176368
-0.190258
-0.0122299
-1.34689
1.10606
-0.18719
-0.042994
0.0322559
1.53703
1.28392
0.176368
-0.188724
-0.0137641
-1.34689
1.11679
-0.190258
-0.042994
0.0322559
1.53856
1.29465
0.176368
-0.185656
-0.0122299
-1.34536
1.12753
-0.191792
-0.044528
0.0322559
1.53703
1.30539
0.176368
-0.184122
-0.0122299
-1.34536
1.14287
-0.193326
-0.044528
0.0322559
1.53703
1.3146
0.176368
-0.181054
-0.0122299
-1.34076
1.16281
-0.196394
-0.042994
0.0337899
1.53703
1.3238
0.176368
-0.17952
-0.0122299
-1.33616
1.17815
-0.197928
-0.042994
0.0322559
1.53703
1.33454
0.176368
-0.177986
-0.0122299
-1.33155
1.19503
-0.197928
-0.042994
0.0337899
1.53703
1.34988
0.177902
-0.176452
-0.0122299
-1.32849
1.2073
-0.199462
-0.042994
0.0337899
1.53703
1.36522
0.179436
-0.174918
-0.0122299
-1.32695
1.21957
-0.200996
-0.042994
0.0337899
1.53703
1.38516
0.184038
-0.173384
-0.0106959
-1.32542
1.23031
-0.200996
-0.042994
0.0337899
1.53703
1.40357
0.18864
-0.17185
-0.00762796
-1.32542
1.24258
-0.199462
-0.042994
0.0337899
1.53703
1.42504
0.19631
-0.170316
-0.00762796
-1.32542
1.25179
-0.199462
-0.044528
0.0337899
1.53703
1.44345
0.202446
-0.168782
-0.00762796
-1.32542
1.26252
-0.199462
-0.044528
0.0337899
1.53703
1.46186
0.208582
-0.168782
-0.00762796
-1.32542
1.27326
-0.199462
-0.044528
0.0337899
1.53703
1.4772
0.214718
-0.167248
-0.00916195
-1.32542
1.28553
-0.199462
-0.044528
0.0337899
1.53703
1.49101
0.21932
-0.167248
-0.00916195
-1.32542
1.30241
-0.200996
-0.044528
0.0337899
1.53703
1.50174
0.222388
-0.167248
-0.00916195
-1.32542
1.31928
-0.200996
-0.044528
0.0337899
1.53703
1.51095
0.223922
-0.165714
-0.00762796
-1.32542
1.33616
-0.20253
-0.042994
0.0353239
1.53703
1.51402
0.222388
-0.162646
-0.00762796
-1.32542
1.3515
-0.204064
-0.04146
0.0337899
1.53703
1.51708
0.222388
-0.161112
-0.00916195
-1.32388
1.36684
-0.207132
-0.0399261
0.0337899
1.53703
1.52169
0.222388
-0.158044
-0.00916195
-1.32082
1.37911
-0.2102
-0.0383921
0.0337899
1.53703
1.52475
0.220854
-0.153442
-0.00916195
-1.32082
1.39445
-0.213268
-0.0383921
0.0337899
1.53703
1.52936
0.220854
-0.151908
-0.00916195
-1.31928
1.40979
-0.216336
-0.0383921
0.0337899
1.53703
1.53703
0.21932
-0.150374
-0.00916195
-1.31928
1.42513
-0.219404
-0.0368581
0.0337899
1.53703
1.54316
0.217786
-0.14884
-0.00916195
-1.31928
1.44047
-0.21787
-0.0368581
0.0337899
1.53703
1.5493
0.214718
-0.14884
-0.00916195
-1.31928
1.45581
-0.219404
-0.0353239
0.0337899
1.53703
1.55543
0.213184
-0.147306
-0.00916195
-1.31928
1.46808
-0.21787
-0.0337899
0.0353239
1.53703
1.56004
0.21165
-0.145772
-0.00916195
-1.31928
1.48189
-0.21787
-0.0337899
0.0353239
1.53703
1.56617
0.210116
-0.145772
-0.00916195
-1.31928
1.49262
-0.21787
-0.0337899
0.0353239
1.53703
1.57231
0.208582
-0.142704
-0.00916195
-1.31928
1.50029
-0.21787
-0.0337899
0.0353239
1.53703
1.57691
0.208582
-0.14117
-0.00916195
-1.31928
1.5095
-0.216336
-0.0337899
0.0353239
1.53549
1.58305
0.207048
-0.139636
-0.00916195
-1.31775
1.51717
-0.216336
-0.0337899
0.0353239
1.53549
1.58765
0.205514
-0.136568
-0.00916195
-1.31621
1.52637
-0.216336
-0.0322559
0.0353239
1.53549
1.59378
0.205514
-0.135034
-0.00916195
-1.31621
1.53251
-0.216336
-0.0322559
0.0353239
1.53703
1.59685
0.20398
-0.1335
-0.00762796
-1.31468
1.53864
-0.216336
-0.0307219
0.0368581
1.53703
1.59992
0.200912
-0.1335
-0.00762796
-1.31468
1.54325
-0.214802
-0.0291879
0.0383921
1.53549
1.60299
0.197844
-0.1335
-0.00762796
-1.31468
1.54785
-0.214802
-0.0276539
0.0368581
1.53549
1.60452
0.19631
-0.1335
-0.00762796
-1.31468
1.55092
-0.214802
-0.0261199
0.0368581
1.53549
1.60606
0.194776
-0.1335
-0.00762796
-1.31468
1.55552
-0.216336
-0.024586
0.0368581
1.53549
1.60759
0.193242
-0.1335
-0.00762796
-1.31468
1.55859
-0.216336
-0.024586
0.0368581
1.53549
1.60912
0.193242
-0.1335
-0.00762796
-1.31468
1.56165
-0.21787
-0.024586
0.0368581
1.53549
1.61066
0.193242
-0.1335
-0.00762796
-1.31468
1.56472
-0.219404
-0.024586
0.0368581
1.53549
1.61373
0.193242
-0.1335
-0.00762796
-1.31468
1.56779
-0.222472
-0.023052
0.0368581
1.53549
1.61679
0.193242
-0.131966
-0.00762796
-1.31468
1.57086
-0.224006
-0.023052
0.0368581
1.53549
1.61833
0.193242
-0.131966
-0.00762796
-1.31468
1.57393
-0.22554
-0.023052
0.0368581
1.53549
1.6214
0.194776
-0.131966
-0.00762796
-1.31468
1.57546
-0.227074
-0.023052
0.0368581
1.53549
1.62446
0.193242
-0.131966
-0.00762796
-1.31468
1.57853
-0.227074
-0.023052
0.0368581
1.53549
1.626
0.194776
-0.131966
-0.00762796
-1.31468
1.58006
-0.227074
-0.023052
0.0368581
1.53549
1.62753
0.194776
-0.130432
-0.00762796
-1.31468
1.5816
-0.22554
-0.023052
0.0368581
1.53549
1.62907
0.193242
-0.130432
-0.00762796
-1.31468
1.58313
-0.22554
-0.023052
0.0368581
1.53549
1.62907
0.193242
-0.130432
-0.00762796
-1.31468
1.58466
-0.224006
-0.023052
0.0368581
1.53549
1.6306
0.193242
-0.130432
-0.00762796
-1.31468
1.5862
-0.222472
-0.023052
0.0368581
1.53549
1.6306
0.191708
-0.130432
-0.00762796
-1.31468
1.58773
-0.219404
-0.021518
0.0368581
1.53549
1.63213
0.193242
-0.130432
-0.00762796
-1.31468
1.5908
-0.21787
-0.021518
0.0368581
1.53549
1.63367
0.193242
-0.130432
-0.00762796
-1.31468
1.5908
-0.21787
-0.021518
0.0368581
1.53549
1.6352
0.193242
-0.128898
-0.00762796
-1.31468
1.59233
-0.21787
-0.021518
0.0368581
1.53549
1.63674
0.193242
-0.128898
-0.00762796
-1.31468
1.59387
-0.21787
-0.021518
0.0368581
1.53549
1.63827
0.193242
-0.128898
-0.00762796
-1.31468
1.5954
-0.21787
-0.021518
0.0368581
1.53549
1.6398
0.193242
-0.128898
-0.00762796
-1.31468
1.5954
-0.21787
-0.021518
0.0368581
1.53549