1.68429
0.210116
-0.0291879
-0.0199001
-1.46501
1.69358
-0.127364
0.131882
0.0521979
1.43885
1.67969
0.213184
-0.0291879
-0.0199001
-1.46501
1.68898
-0.128898
0.131882
0.0537319
1.43732
1.67509
0.214718
-0.0307219
-0.0199001
-1.46655
1.68591
-0.128898
0.131882
0.0521979
1.43732
1.66895
0.216252
-0.0322559
-0.0199001
-1.46501
1.68131
-0.128898
0.131882
0.0521979
1.43732
1.66281
0.217786
-0.0322559
-0.0199001
-1.46501
1.6767
-0.128898
0.131882
0.0521979
1.43885
1.65668
0.220854
-0.0337899
-0.0199001
-1.46501
1.6721
-0.128898
0.131882
0.0521979
1.43732
1.64901
0.222388
-0.0337899
-0.0199001
-1.46501
1.6675
-0.128898
0.131882
0.0521979
1.43732
1.64134
0.223922
-0.0337899
-0.0199001
-1.46501
1.6629
-0.130432
0.131882
0.0521979
1.43732
1.63213
0.225456
-0.0337899
-0.0183661
-1.46501
1.65676
-0.1335
0.131882
0.0521979
1.43732
1.62293
0.22699
-0.0337899
-0.0199001
-1.46655
1.65063
-0.136568
0.131882
0.0521979
1.43732
1.61219
0.228524
-0.0337899
-0.0199001
-1.46501
1.64449
-0.139636
0.131882
0.0521979
1.43732
1.60299
0.230058
-0.0353239
-0.0199001
-1.46501
1.63682
-0.14117
0.131882
0.0506639
1.43732
1.58765
0.233126
-0.0353239
-0.0199001
-1.46501
1.62915
-0.144238
0.130348
0.0506639
1.43732
1.56771
0.236194
-0.0353239
-0.0199001
-1.46808
1.61841
-0.145772
0.131882
0.0506639
1.43732
1.5447
0.239262
-0.0368581
-0.0199001
-1.47422
1.60767
-0.14884
0.131882
0.0521979
1.43732
1.52322
0.240796
-0.0383921
-0.0199001
-1.48802
1.59847
-0.151908
0.131882
0.0506639
1.43732
1.50021
0.240796
-0.0383921
-0.0199001
-1.51717
1.58773
-0.153442
0.130348
0.0506639
1.43732
1.4772
0.240796
-0.0399261
-0.0214341
-1.54785
1.57546
-0.154976
0.131882
0.0506639
1.43732
1.45266
0.239262
-0.0399261
-0.0214341
-1.58313
1.55705
-0.158044
0.131882
0.0506639
1.43732
1.43425
0.239262
-0.04146
-0.0214341
-1.61228
1.54018
-0.161112
0.130348
0.0506639
1.43732
1.41277
0.239262
-0.04146
-0.0214341
-1.64142
1.52177
-0.165714
0.131882
0.0506639
1.43732
1.39283
0.239262
-0.042994
-0.0214341
-1.66136
1.5049
-0.170316
0.130348
0.0506639
1.43732
1.37289
0.240796
-0.042994
-0.0214341
-1.67364
1.48649
-0.176452
0.130348
0.0506639
1.43732
1.35295
0.240796
-0.044528
-0.0214341
-1.67517
1.46808
-0.181054
0.130348
0.0506639
1.43732
1.333
0.24233
-0.044528
-0.0214341
-1.6767
1.44967
-0.188724
0.131882
0.0506639
1.43578
1.31613
0.243864
-0.046062
-0.0214341
-1.67517
1.4328
-0.196394
0.131882
0.04913
1.43578
1.29926
0.245398
-0.046062
-0.0214341
-1.67517
1.41439
-0.204064
0.130348
0.0506639
1.43578
1.28085
0.248466
-0.046062
-0.0214341
-1.6767
1.39752
-0.211734
0.130348
0.0506639
1.43578
1.26551
0.25
-0.046062
-0.0214341
-1.6767
1.37911
-0.220938
0.130348
0.04913
1.43425
1.24863
0.253068
-0.046062
-0.0229681
-1.6767
1.3607
-0.228608
0.131882
0.0506639
1.43578
1.23329
0.254602
-0.047596
-0.0229681
-1.6767
1.34076
-0.237812
0.130348
0.04913
1.43578
1.21489
0.254602
-0.047596
-0.0229681
-1.6767
1.32082
-0.24855
0.130348
0.04913
1.43578
1.19648
0.256136
-0.047596
-0.0229681
-1.6767
1.30394
-0.25622
0.130348
0.04913
1.43578
1.17654
0.256136
-0.047596
-0.026036
-1.67824
1.284
-0.266958
0.130348
0.04913
1.43578
1.15506
0.256136
-0.047596
-0.02757
-1.68131
1.26559
-0.276162
0.130348
0.04913
1.43578
1.13052
0.256136
-0.0506639
-0.029104
-1.68437
1.24565
-0.285366
0.130348
0.04913
1.43578
1.10904
0.253068
-0.0506639
-0.032172
-1.69051
1.22724
-0.29457
0.130348
0.04913
1.43578
1.0845
0.248466
-0.0521979
-0.0337059
-1.69818
1.20883
-0.303774
0.131882
0.04913
1.43578
1.05995
0.243864
-0.0537319
-0.0367742
-1.71045
1.19196
-0.312978
0.131882
0.04913
1.43425
1.03541
0.237728
-0.0552659
-0.0383081
-1.72272
1.17355
-0.323716
0.130348
0.04913
1.43578
1.01086
0.230058
-0.0567999
-0.0413761
-1.7396
1.15668
-0.331386
0.130348
0.04913
1.43425
0.984786
0.222388
-0.0583339
-0.0444441
-1.75647
1.13827
-0.34059
0.130348
0.04913
1.43425
0.960242
0.216252
-0.0598679
-0.0475121
-1.77028
1.1214
-0.349794
0.130348
0.04913
1.43425
0.935698
0.207048
-0.0598679
-0.05058
-1.78102
1.10452
-0.358998
0.130348
0.04913
1.43425
0.915756
0.197844
-0.0629361
-0.052114
-1.79636
1.08765
-0.366668
0.128814
0.04913
1.43271
0.89428
0.185572
-0.0644701
-0.055182
-1.80863
1.07077
-0.374338
0.128814
0.04913
1.43271
0.877406
0.1733
-0.067538
-0.056716
-1.81783
1.05543
-0.383542
0.12728
0.04913
1.43271
0.857464
0.161028
-0.069072
-0.05825
-1.8209
1.04163
-0.388144
0.12728
0.04913
1.43271
0.84059
0.148756
-0.07214
-0.0613179
-1.8209
1.03396
-0.392746
0.12728
0.04913
1.43118
0.822182
0.13495
-0.073674
-0.0628521
-1.8209
1.02629
-0.397348
0.12728
0.04913
1.43118
0.806842
0.122678
-0.0767419
-0.0643861
-1.8209
1.01862
-0.400416
0.12728
0.047596
1.43118
0.789968
0.108872
-0.0798099
-0.0659201
-1.8209
1.01095
-0.403484
0.12728
0.044528
1.43118
0.776162
0.0966001
-0.0828779
-0.0689881
-1.82243
1.00174
-0.403484
0.12728
0.04146
1.42965
0.760822
0.082794
-0.0859461
-0.0720561
-1.82243
0.99254
-0.403484
0.12728
0.0383921
1.42965
0.745482
0.0705221
-0.0890141
-0.075124
-1.82397
0.98487
-0.403484
0.125746
0.0383921
1.42965
0.730142
0.05825
-0.092082
-0.079726
-1.82397
0.978734
-0.403484
0.125746
0.0383921
1.42811
0.714802
0.0444441
-0.09515
-0.0843279
-1.82704
0.972598
-0.403484
0.124212
0.0383921
1.42658
0.705598
0.0337059
-0.098218
-0.0904641
-1.82704
0.964928
-0.403484
0.124212
0.0383921
1.42504
0.69486
0.0229681
-0.0997519
-0.0966001
-1.82857
0.958792
-0.40195
0.124212
0.0383921
1.42351
0.68719
0.0122299
-0.101286
-0.102736
-1.82857
0.952656
-0.40195
0.122678
0.0383921
1.42198
0.681054
0.00302601
-0.10282
-0.108872
-1.82704
0.944986
-0.403484
0.122678
0.0383921
1.41891
0.674918
-0.00771189
-0.10282
-0.113474
-1.82857
0.93885
-0.403484
0.121144
0.0353239
1.41891
0.670316
-0.01845
-0.10282
-0.121144
-1.82704
0.93118
-0.403484
0.121144
0.0291879
1.41737
0.667248
-0.024586
-0.104354
-0.128814
-1.82704
0.92351
-0.403484
0.121144
0.0276539
1.41584
0.662646
-0.0291879
-0.105888
-0.144154
-1.82704
0.917374
-0.406552
0.121144
0.0276539
1.41584
0.658044
-0.0337899
-0.107422
-0.154892
-1.82857
0.909704
-0.408086
0.11961
0.0276539
1.41584
0.653442
-0.0368581
-0.112024
-0.177902
-1.82857
0.902034
-0.411154
0.11961
0.0276539
1.41584
0.64884
-0.0368581
-0.116626
-0.210116
-1.82857
0.894364
-0.414222
0.11961
0.0276539
1.41431
0.645772
-0.0353239
-0.124296
-0.251534
-1.82857
0.888228
-0.418824
0.11961
0.0276539
1.41277
0.64117
-0.0322559
-0.131966
-0.292952
-1.82857
0.880558
-0.423426
0.11961
0.0261199
1.41124
0.636568
-0.024586
-0.14117
-0.346642
-1.82857
0.871354
-0.428028
0.11961
0.0261199
1.41124
0.631966
-0.019984
-0.14884
-0.397264
-1.82704
0.860616
-0.43263
0.118076
0.0261199
1.4097
0.628898
-0.0107799
-0.158044
-0.447886
-1.82704
0.845276
-0.441834
0.118076
0.0261199
1.40817
0.624296
-0.00464392
-0.16418
-0.501576
-1.82857
0.826868
-0.451038
0.116542
0.0261199
1.40664
0.61816
-4.19617e-05
-0.165714
-0.542994
-1.82704
0.813062
-0.460242
0.116542
0.0261199
1.4051
0.615092
-4.19617e-05
-0.174918
-0.573674
-1.82857
0.796188
-0.47098
0.115008
0.0261199
1.40357
0.61049
-0.00157595
-0.18719
-0.59515
-1.82857
0.779314
-0.483252
0.115008
0.0261199
1.40203
0.607422
0.00302601
-0.191792
-0.631966
-1.82857
0.760906
-0.495524
0.113474
0.0261199
1.40203
0.604354
0.00302601
-0.196394
-0.658044
-1.82704
0.744032
-0.510864
0.11194
0.0261199
1.4005
0.601286
0.00149202
-0.199462
-0.67952
-1.82704
0.728692
-0.526204
0.11194
0.0261199
1.4005
0.598218
-0.00157595
-0.200996
-0.69486
-1.82857
0.70875
-0.544612
0.110406
0.0261199
1.4005
0.596684
-0.00464392
-0.204064
-0.705598
-1.82704
0.690342
-0.561486
0.108872
0.0261199
1.39897
0.59515
-0.0138481
-0.204064
-0.7102
-1.82704
0.668866
-0.582962
0.107338
0.0261199
1.39743
0.592082
-0.021518
-0.204064
-0.714802
-1.82857
0.648924
-0.602904
0.105804
0.0261199
1.3959
0.590548
-0.0276539
-0.204064
-0.724006
-1.82704
0.627448
-0.62438
0.102736
0.0261199
1.39283
0.590548
-0.0337899
-0.204064
-0.74088
-1.82704
0.60904
-0.644322
0.099668
0.024586
1.3913
0.589014
-0.0399261
-0.204064
-0.754686
-1.82704
0.589098
-0.665798
0.0966001
0.024586
1.38976
0.585946
-0.047596
-0.204064
-0.760822
-1.82704
0.573758
-0.687274
0.0935321
0.0261199
1.38823
0.584412
-0.0552659
-0.204064
-0.765424
-1.82704
0.556884
-0.70875
0.0904641
0.024586
1.38516
0.582878
-0.0629361
-0.204064
-0.770026
-1.82704
0.543078
-0.728692
0.0858622
0.024586
1.38209
0.57981
-0.070606
-0.204064
-0.774628
-1.82704
0.530806
-0.748634
0.082794
0.0261199
1.38056
0.578276
-0.0798099
-0.204064
-0.776162
-1.82857
0.518534
-0.768576
0.078192
0.024586
1.37902
0.576742
-0.0874801
-0.204064
-0.77923
-1.82857
0.510864
-0.783916
0.07359
0.024586
1.37902
0.575208
-0.09515
-0.204064
-0.782298
-1.82704
0.504728
-0.80079
0.0689881
0.024586
1.37902
0.573674
-0.10282
-0.204064
-0.785366
-1.82704
0.503194
-0.814596
0.0674541
0.0261199
1.37749
0.570606
-0.11049
-0.204064
-0.789968
-1.82704
0.50166
-0.825334
0.0643861
0.024586
1.37902
0.569072
-0.11816
-0.204064
-0.796104
-1.82704
0.50166
-0.833004
0.0628521
0.0261199
1.37749
0.566004
-0.12583
-0.204064
-0.800706
-1.82857
0.50166
-0.83914
0.0613179
0.024586
1.37749
0.562936
-0.131966
-0.204064
-0.803774
-1.82704
0.50166
-0.842208
0.0597839
0.024586
1.37749
0.558334
-0.139636
-0.204064
-0.806842
-1.82704
0.50166
-0.843742
0.056716
0.0261199
1.37749
0.555266
-0.147306
-0.204064
-0.80991
-1.82704
0.503194
-0.845276
0.055182
0.024586
1.37749
0.552198
-0.154976
-0.204064
-0.814512
-1.82704
0.503194
-0.84681
0.052114
0.024586
1.37749
0.54913
-0.161112
-0.204064
-0.819114
-1.82704
0.504728
-0.849878
0.049046
0.024586
1.37902
0.547596
-0.17185
-0.204064
-0.823716
-1.82704
0.504728
-0.85448
0.0475121
0.0261199
1.37902
0.544528
-0.181054
-0.204064
-0.828318
-1.82704
0.504728
-0.860616
0.0429101
0.0261199
1.37749
0.54146
-0.196394
-0.204064
-0.826784
-1.82704
0.506262
-0.868286
0.0413761
0.0261199
1.37749
0.536858
-0.211734
-0.205598
-0.826784
-1.82704
0.506262
-0.87749
0.0383081
0.024586
1.37749
0.530722
-0.228608
-0.204064
-0.826784
-1.82704
0.507796
-0.88516
0.0367742
0.024586
1.37749
0.524586
-0.245482
-0.204064
-0.826784
-1.82704
0.507796
-0.897432
0.0337059
0.024586
1.37749
0.513848
-0.262356
-0.204064
-0.826784
-1.82704
0.510864
-0.912772
0.030638
0.024586
1.37749
0.50311
-0.280764
-0.204064
-0.826784
-1.82704
0.510864
-0.934248
0.026036
0.024586
1.37749
0.492372
-0.299172
-0.205598
-0.826784
-1.82704
0.512398
-0.95419
0.0229681
0.024586
1.37596
0.4801
-0.320648
-0.205598
-0.826784
-1.82704
0.512398
-0.978734
0.0183661
0.024586
1.37596
0.469362
-0.339056
-0.205598
-0.82525
-1.82704
0.510864
-1.00328
0.0152981
0.023052
1.37596
0.458624
-0.346726
-0.204064
-0.839056
-1.82704
0.510864
-1.02629
0.0106959
0.024586
1.37596
0.454022
-0.34826
-0.205598
-0.849794
-1.82704
0.510864
-1.04316
0.00609398
0.023052
1.37596
0.450954
-0.34826
-0.205598
-0.865134
-1.82704
0.50933
-1.06004
0.00149202
0.023052
1.37442
0.44942
-0.346726
-0.205598
-0.885076
-1.82704
0.50933
-1.07538
-0.00310993
0.023052
1.37289
0.44942
-0.345192
-0.205598
-0.906552
-1.82704
0.50933
-1.08918
-0.0061779
0.023052
1.37289
0.44942
-0.343658
-0.205598
-0.923426
-1.82704
0.50933
-1.10299
-0.0107799
0.023052
1.37289
0.450954
-0.343658
-0.205598
-0.938766
-1.82704
0.50933
-1.11219
-0.0123138
0.023052
1.37289
0.452488
-0.343658
-0.205598
-0.951038
-1.82704
0.50933
-1.11986
-0.0153821
0.024586
1.37289
0.452488
-0.342124
-0.205598
-0.958708
-1.82704
0.50933
-1.12446
-0.016916
0.024586
1.37289
0.452488
-0.343658
-0.204064
-0.964844
-1.82704
0.50933
-1.12907
-0.019984
0.023052
1.37289
0.454022
-0.343658
-0.205598
-0.966378
-1.82704
0.50933
-1.13367
-0.024586
0.024586
1.37289
0.454022
-0.343658
-0.204064
-0.969446
-1.82704
0.510864
-1.13827
-0.0276539
0.024586
1.37289
0.452488
-0.343658
-0.204064
-0.97098
-1.82704
0.510864
-1.14287
-0.0322559
0.024586
1.37289
0.454022
-0.343658
-0.205598
-0.974048
-1.82704
0.512398
-1.14747
-0.0353239
0.024586
1.37289
0.454022
-0.343658
-0.205598
-0.975582
-1.82857
0.513932
-1.15208
-0.0399261
0.024586
1.37135
0.454022
-0.343658
-0.205598
-0.975582
-1.82704
0.515466
-1.15668
-0.042994
0.023052
1.37135
0.454022
-0.343658
-0.205598
-0.975582
-1.82704
0.517
-1.16128
-0.047596
0.024586
1.37135
0.454022
-0.343658
-0.205598
-0.975582
-1.82704
0.518534
-1.16742
-0.0506639
0.024586
1.36982
0.454022
-0.343658
-0.205598
-0.975582
-1.82704
0.518534
-1.17509
-0.0552659
0.023052
1.36982
0.454022
-0.343658
-0.205598
-0.977116
-1.82704
0.520068
-1.18429
-0.0583339
0.023052
1.36829
0.454022
-0.343658
-0.205598
-0.97865
-1.82704
0.520068
-1.19349
-0.0614018
0.023052
1.36675
0.454022
-0.343658
-0.204064
-0.980184
-1.82704
0.520068
-1.20423
-0.066004
0.023052
1.36675
0.454022
-0.343658
-0.205598
-0.983252
-1.82704
0.520068
-1.21344
-0.069072
0.023052
1.36675
0.454022
-0.343658
-0.205598
-0.984786
-1.82704
0.520068
-1.22264
-0.07214
0.023052
1.36675
0.454022
-0.343658
-0.205598
-0.984786
-1.82704
0.520068
-1.23184
-0.0767419
0.023052
1.36675
0.454022
-0.343658
-0.205598
-0.98632
-1.82857
0.520068
-1.23951
-0.0782759
0.023052
1.36675
0.454022
-0.343658
-0.204064
-0.987854
-1.82704
0.520068
-1.24718
-0.0813439
0.023052
1.36675
0.454022
-0.343658
-0.204064
-0.987854
-1.82704
0.520068
-1.25485
-0.0859461
0.023052
1.36675
0.454022
-0.343658
-0.204064
-0.990922
-1.82704
0.520068
-1.26406
-0.0890141
0.023052
1.36675
0.454022
-0.343658
-0.204064
-0.992456
-1.82704
0.520068
-1.27173
-0.090548
0.023052
1.36675
0.454022
-0.343658
-0.205598
-0.99399
-1.82704
0.520068
-1.2794
-0.093616
0.023052
1.36675
0.454022
-0.343658
-0.205598
-0.995524
-1.82704
0.520068
-1.28707
-0.096684
0.023052
1.36675
0.454022
-0.342124
-0.205598
-0.997058
-1.82704
0.520068
-1.29627
-0.098218
0.023052
1.36675
0.454022
-0.342124
-0.204064
-0.998592
-1.82704
0.520068
-1.30241
-0.0997519
0.023052
1.36675
0.454022
-0.343658
-0.205598
-1.00013
-1.82704
0.520068
-1.31008
-0.10282
0.023052
1.36675
0.454022
-0.342124
-0.205598
-1.00166
-1.82704
0.520068
-1.31621
-0.105888
0.023052
1.36675
0.454022
-0.342124
-0.205598
-1.00319
-1.82704
0.520068
-1.32388
-0.107422
0.023052
1.36675
0.454022
-0.342124
-0.205598
-1.00473
-1.82857
0.520068
-1.33002
-0.108956
0.023052
1.36675
0.454022
-0.342124
-0.205598
-1.00473
-1.82857
0.520068
-1.33462
-0.11049
0.023052
1.36675
0.454022
-0.342124
-0.205598
-1.00626
-1.82704
0.520068
-1.33769
-0.112024
0.023052
1.36675
0.454022
-0.342124
-0.205598
-1.00626
-1.82704
0.520068
-1.34076
-0.112024
0.023052
1.36675
0.454022
-0.342124
-0.205598
-1.00626
-1.82704
0.520068
-1.34076
-0.112024
0.023052
1.36675
0.454022
-0.342124
-0.205598
-1.0078
-1.82704
0.520068
-1.34076
-0.113558
0.023052
1.36675
0.454022
-0.342124
-0.205598
-1.0078
-1.82704
0.520068
-1.34076
-0.113558
0.023052
1.36675
0.454022
-0.342124
-0.205598
-1.00933
-1.82857
0.520068
-1.34076
-0.113558
0.023052
1.36675
0.454022
-0.342124
-0.205598
-1.00933
-1.82704
0.520068
-1.34076
-0.115092
0.023052
1.36675
0.454022
-0.342124
-0.205598
-1.01086
-1.82704
0.520068
-1.34076
-0.116626
0.023052
1.36675
0.454022
-0.342124
-0.205598
-1.0124
-1.82704
0.520068
-1.34229
-0.116626
0.023052
1.36675
0.454022
-0.342124
-0.205598
-1.0124
-1.82704
0.520068
-1.34229
-0.116626
0.023052
1.36675
0.454022
-0.342124
-0.205598
-1.01393
-1.82857
0.520068
-1.34383
-0.116626
0.023052
1.36675
0.454022
-0.342124
-0.205598
-1.01393
-1.82704
0.520068
-1.34536
-0.116626
0.023052
1.36675
0.454022
-0.342124
-0.205598
-1.01547
-1.82704
0.520068
-1.34536
-0.11816
0.023052
1.36675
0.454022
-0.342124
-0.205598
-1.01547
-1.82857
0.520068
-1.34536
-0.11816
0.023052
1.36675
0.454022
-0.342124
-0.205598
-1.01547
-1.82704
0.520068
-1.34536
-0.11816
0.023052
1.36829
0.454022
-0.342124
-0.205598
-1.01547
-1.82704
0.520068
-1.34536
-0.116626
0.023052
1.36675
0.454022
-0.342124
-0.205598
-1.01547
-1.82704
0.520068
-1.34536
-0.11816
0.023052
1.36675
0.454022
-0.342124
-0.205598
-1.01547
-1.82704
0.520068
-1.34383
-0.11816
0.023052
1.36675
0.454022
-0.342124
-0.204064
-1.017
-1.82704
0.520068
-1.34383
-0.11816
0.023052
1.36675
0.454022
-0.342124
-0.205598
-1.017
-1.82704
0.520068
-1.34383
-0.11816
0.023052
1.36675
0.454022
-0.342124
-0.205598
-1.01853
-1.82704
0.520068
-1.34383
-0.11816
0.023052
1.36675
0.454022
-0.342124
-0.205598
-1.01853
-1.82704
0.520068
-1.34383
-0.11816
0.023052
1.36675
0.454022
-0.342124
-0.205598
-1.01853
-1.82704
0.520068
-1.34383
-0.11816
0.023052
1.36675
0.454022
-0.342124
-0.205598
-1.01853
-1.82704
0.520068
-1.34229
-0.11816
0.023052
1.36675
0.454022
-0.342124
-0.205598
-1.01853
-1.82704
0.520068
-1.34229
-0.11816
0.023052
1.36675
0.454022
-0.342124
-0.205598
-1.01853
-1.82704
0.520068
-1.34076
-0.11816
0.023052
1.36675
0.454022
-0.342124
-0.205598
-1.01853
-1.82704
0.520068
-1.34076
-0.11816
0.023052
1.36829
0.454022
-0.34059
-0.205598
-1.01853
-1.82704
0.520068
-1.33922
-0.11816
0.023052
1.36675
0.454022
-0.34059
-0.205598
-1.017
-1.82704
0.520068
-1.33769
-0.116626
0.023052
1.36829
0.454022
-0.34059
-0.205598
-1.017
-1.82704
0.520068
-1.33616
-0.116626
0.023052
1.36829
0.454022
-0.34059
-0.205598
-1.017
-1.82704
0.520068
-1.33462
-0.116626
0.023052
1.36982
0.454022
-0.34059
-0.205598
-1.01547
-1.82704
0.520068
-1.33309
-0.116626
0.023052
1.36982
0.454022
-0.339056
-0.205598
-1.01393
-1.82704
0.520068
-1.33002
-0.116626
0.023052
1.36982
0.454022
-0.339056
-0.205598
-1.00933
-1.82704
0.520068
-1.32849
-0.116626
0.023052
1.36982
0.454022
-0.339056
-0.204064
-1.00473
-1.82704
0.520068
-1.32542
-0.116626
0.023052
1.37135
0.454022
-0.339056
-0.205598
-0.997058
-1.82704
0.520068
-1.32235
-0.115092
0.024586
1.37135
0.454022
-0.339056
-0.205598
-0.987854
-1.82704
0.518534
-1.31775
-0.115092
0.024586
1.37135
0.454022
-0.339056
-0.205598
-0.97865
-1.82704
0.518534
-1.31468
-0.113558
0.0307219
1.37289
0.454022
-0.337522
-0.205598
-0.967912
-1.82704
0.518534
-1.30701
-0.113558
0.0368581
1.37289
0.458624
-0.335988
-0.205598
-0.964844
-1.82704
0.517
-1.29934
-0.113558
0.0399261
1.37289
0.460158
-0.33292
-0.205598
-0.961776
-1.82704
0.517
-1.2932
-0.113558
0.046062
1.37289
0.460158
-0.328318
-0.205598
-0.960242
-1.82704
0.517
-1.28707
-0.113558
0.0537319
1.37289
0.460158
-0.323716
-0.205598
-0.957174
-1.82704
0.517
-1.28093
-0.113558
0.0537319
1.37289
0.460158
-0.320648
-0.205598
-0.954106
-1.82704
0.517
-1.2748
-0.113558
0.0537319
1.37289
0.460158
-0.316046
-0.205598
-0.951038
-1.82704
0.515466
-1.27019
-0.113558
0.0537319
1.37289
0.460158
-0.312978
-0.205598
-0.94797
-1.82704
0.515466
-1.26406
-0.112024
0.0537319
1.37289
0.460158
-0.308376
-0.205598
-0.944902
-1.82704
0.515466
-1.25792
-0.113558
0.0552659
1.37289
0.460158
-0.303774
-0.207132
-0.941834
-1.82704
0.515466
-1.25179
-0.112024
0.0552659
1.37289
0.460158
-0.299172
-0.207132
-0.937232
-1.82704
0.515466
-1.24565
-0.113558
0.0567999
1.37289
0.460158
-0.296104
-0.207132
-0.934164
-1.82704
0.515466
-1.23798
-0.113558
0.0567999
1.37289
0.460158
-0.289968
-0.207132
-0.928028
-1.82704
0.515466
-1.23184
-0.113558
0.0583339
1.37289
0.460158
-0.285366
-0.207132
-0.921892
-1.82704
0.515466
-1.22571
-0.113558
0.0598679
1.37289
0.460158
-0.27923
-0.207132
-0.91729
-1.82704
0.515466
-1.21804
-0.113558
0.0614018
1.37289
0.460158
-0.274628
-0.207132
-0.911154
-1.82704
0.515466
-1.20883
-0.113558
0.0629361
1.37289
0.460158
-0.266958
-0.208666
-0.903484
-1.82704
0.515466
-1.2027
-0.113558
0.0644701
1.37289
0.460158
-0.260822
-0.208666
-0.898882
-1.8255
0.515466
-1.19503
-0.113558
0.066004
1.37289
0.460158
-0.254686
-0.208666
-0.892746
-1.82704
0.515466
-1.18582
-0.113558
0.067538
1.37289
0.460158
-0.24855
-0.208666
-0.88661
-1.82704
0.515466
-1.17662
-0.113558
0.069072
1.37289
0.460158
-0.242414
-0.208666
-0.87894
-1.82704
0.515466
-1.16895
-0.113558
0.070606
1.37289
0.460158
-0.234744
-0.208666
-0.874338
-1.8255
0.515466
-1.15975
-0.113558
0.073674
1.37289
0.460158
-0.227074
-0.208666
-0.866668
-1.8255
0.515466
-1.15208
-0.113558
0.0752079
1.37289
0.460158
-0.219404
-0.208666
-0.860532
-1.8255
0.515466
-1.14134
-0.113558
0.0767419
1.37289
0.460158
-0.211734
-0.2102
-0.852862
-1.8255
0.517
-1.126
-0.113558
0.0767419
1.37289
0.461692
-0.204064
-0.2102
-0.846726
-1.8255
0.517
-1.10912
-0.113558
0.0767419
1.37289
0.460158
-0.196394
-0.211734
-0.839056
-1.82704
0.517
-1.09532
-0.113558
0.0782759
1.37289
0.460158
-0.190258
-0.213268
-0.831386
-1.82704
0.515466
-1.08611
-0.113558
0.0828779
1.37289
0.461692
-0.182588
-0.211734
-0.823716
-1.8255
0.515466
-1.07384
-0.113558
0.0844119
1.37289
0.461692
-0.176452
-0.211734
-0.81758
-1.8255
0.517
-1.06157
-0.113558
0.0859461
1.37289
0.461692
-0.168782
-0.211734
-0.808376
-1.8255
0.518534
-1.04163
-0.113558
0.0859461
1.37289
0.463226
-0.161112
-0.211734
-0.80224
-1.82704
0.520068
-1.02169
-0.113558
0.0859461
1.37289
0.46476
-0.14884
-0.211734
-0.79457
-1.82704
0.520068
-1.00021
-0.113558
0.0859461
1.37289
0.46476
-0.138102
-0.211734
-0.783832
-1.82704
0.520068
-0.978734
-0.113558
0.0859461
1.37442
0.46476
-0.1335
-0.211734
-0.762356
-1.8255
0.520068
-0.957258
-0.115092
0.0859461
1.37289
0.46476
-0.130432
-0.213268
-0.73321
-1.82704
0.520068
-0.937316
-0.115092
0.0859461
1.37289
0.46476
-0.128898
-0.213268
-0.69486
-1.8255
0.523136
-0.91584
-0.115092
0.0859461
1.37442
0.46476
-0.128898
-0.214802
-0.65651
-1.82704
0.527738
-0.895898
-0.115092
0.0859461
1.37289
0.46476
-0.128898
-0.216336
-0.61049
-1.82704
0.533874
-0.874422
-0.115092
0.0859461
1.37442
0.463226
-0.130432
-0.216336
-0.562936
-1.82704
0.54001
-0.856014
-0.115092
0.0859461
1.37442
0.461692
-0.131966
-0.21787
-0.521518
-1.82704
0.549214
-0.837606
-0.115092
0.0859461
1.37442
0.461692
-0.131966
-0.219404
-0.483168
-1.82704
0.55535
-0.822266
-0.115092
0.0859461
1.37442
0.461692
-0.131966
-0.220938
-0.45709
-1.82704
0.564554
-0.803858
-0.115092
0.0874801
1.37442
0.460158
-0.130432
-0.220938
-0.431012
-1.82704
0.573758
-0.788518
-0.115092
0.0859461
1.37442
0.460158
-0.130432
-0.220938
-0.401866
-1.82704
0.582962
-0.773178
-0.115092
0.0859461
1.37442
0.460158
-0.128898
-0.220938
-0.37272
-1.82704
0.590632
-0.757838
-0.115092
0.0874801
1.37596
0.460158
-0.12583
-0.220938
-0.354312
-1.82704
0.596768
-0.740964
-0.115092
0.0859461
1.37596
0.460158
-0.122762
-0.220938
-0.338972
-1.82704
0.60137
-0.72409
-0.115092
0.0859461
1.37749
0.461692
-0.11816
-0.220938
-0.329768
-1.82704
0.607506
-0.70875
-0.113558
0.0874801
1.37749
0.461692
-0.112024
-0.222472
-0.3267
-1.82704
0.613642
-0.691876
-0.113558
0.0874801
1.37749
0.461692
-0.107422
-0.220938
-0.31903
-1.82704
0.618244
-0.679604
-0.113558
0.0890141
1.37749
0.461692
-0.10282
-0.222472
-0.306758
-1.82704
0.622846
-0.667332
-0.115092
0.092082
1.37749
0.461692
-0.098218
-0.222472
-0.29602
-1.82704
0.625914
-0.658128
-0.115092
0.09515
1.37749
0.463226
-0.093616
-0.220938
-0.286816
-1.82704
0.630516
-0.650458
-0.115092
0.096684
1.37902
0.46476
-0.0874801
-0.222472
-0.283748
-1.82704
0.633584
-0.642788
-0.116626
0.098218
1.37749
0.466294
-0.0813439
-0.222472
-0.28068
-1.82704
0.638186
-0.635118
-0.116626
0.101286
1.37749
0.469362
-0.07214
-0.222472
-0.277612
-1.82704
0.642788
-0.628982
-0.116626
0.101286
1.37749
0.47243
-0.0644701
-0.222472
-0.274544
-1.82704
0.645856
-0.622846
-0.116626
0.10282
1.37749
0.475498
-0.0567999
-0.222472
-0.271476
-1.82704
0.648924
-0.61671
-0.116626
0.104354
1.37749
0.478566
-0.047596
-0.222472
-0.268408
-1.82704
0.650458
-0.610574
-0.116626
0.105888
1.37749
0.481634
-0.0368581
-0.222472
-0.26534
-1.82704
0.653526
-0.604438
-0.116626
0.108956
1.37749
0.484702
-0.0276539
-0.222472
-0.262272
-1.82704
0.656594
-0.598302
-0.116626
0.112024
1.37749
0.48777
-0.01845
-0.222472
-0.259204
-1.82704
0.659662
-0.590632
-0.116626
0.115092
1.37902
0.490838
-0.00771189
-0.222472
-0.256136
-1.82704
0.66273
-0.582962
-0.115092
0.11816
1.37749
0.496974
0.00762796
-0.222472
-0.256136
-1.82704
0.665798
-0.572224
-0.116626
0.121228
1.37749
0.50311
0.0183661
-0.222472
-0.251534
-1.82704
0.668866
-0.56302
-0.116626
0.12583
1.37749
0.51078
0.0337059
-0.222472
-0.25
-1.82704
0.673468
-0.552282
-0.116626
0.128898
1.37749
0.51845
0.0444441
-0.222472
-0.245398
-1.82704
0.676536
-0.543078
-0.116626
0.1335
1.37749
0.530722
0.0628521
-0.220938
-0.245398
-1.82704
0.681138
-0.53234
-0.116626
0.138102
1.37749
0.544528
0.08126
-0.222472
-0.245398
-1.82704
0.68574
-0.523136
-0.116626
0.14117
1.37902
0.561402
0.101202
-0.220938
-0.245398
-1.82704
0.691876
-0.513932
-0.116626
0.144238
1.37902
0.578276
0.11961
-0.220938
-0.245398
-1.82704
0.698012
-0.506262
-0.11816
0.147306
1.37902
0.598218
0.138018
-0.220938
-0.245398
-1.82704
0.704148
-0.498592
-0.11816
0.151908
1.37902
0.619694
0.15796
-0.213268
-0.246932
-1.82704
0.711818
-0.490922
-0.11816
0.154976
1.37902
0.644238
0.177902
-0.207132
-0.246932
-1.82704
0.719488
-0.483252
-0.11816
0.158044
1.37902
0.667248
0.19631
-0.20253
-0.246932
-1.82704
0.728692
-0.477116
-0.11816
0.162646
1.37902
0.69486
0.213184
-0.200996
-0.246932
-1.82704
0.737896
-0.469446
-0.11816
0.165714
1.37902
0.71787
0.228524
-0.199462
-0.248466
-1.82704
0.7471
-0.46331
-0.11816
0.168782
1.37902
0.743948
0.245398
-0.196394
-0.248466
-1.82704
0.756304
-0.45564
-0.11816
0.17185
1.37902
0.765424
0.25767
-0.193326
-0.248466
-1.82704
0.767042
-0.44797
-0.11816
0.176452
1.37902
0.788434
0.269942
-0.190258
-0.248466
-1.82704
0.780848
-0.438766
-0.11816
0.177986
1.37902
0.805308
0.28068
-0.18719
-0.253068
-1.82704
0.803858
-0.426494
-0.11816
0.177986
1.38056
0.823716
0.294486
-0.184122
-0.26534
-1.82704
0.825334
-0.414222
-0.11816
0.17952
1.38209
0.839056
0.305224
-0.182588
-0.279146
-1.82704
0.845276
-0.400416
-0.116626
0.17952
1.38209
0.85593
0.31136
-0.182588
-0.286816
-1.82704
0.863684
-0.385076
-0.116626
0.17952
1.38363
0.868202
0.314428
-0.17952
-0.286816
-1.82704
0.88516
-0.369736
-0.113558
0.17952
1.38363
0.883542
0.314428
-0.17952
-0.286816
-1.82704
0.906636
-0.352862
-0.112024
0.17952
1.38363
0.89428
0.315962
-0.176452
-0.286816
-1.82704
0.929646
-0.334454
-0.108956
0.17952
1.38363
0.903484
0.314428
-0.173384
-0.285282
-1.82704
0.951122
-0.319114
-0.105888
0.17952
1.38363
0.911154
0.312894
-0.17185
-0.286816
-1.82704
0.972598
-0.303774
-0.105888
0.17952
1.38363
0.918824
0.312894
-0.168782
-0.285282
-1.82704
0.994074
-0.289968
-0.105888
0.17952
1.38363
0.926494
0.309826
-0.167248
-0.285282
-1.82704
1.01708
-0.27923
-0.105888
0.17952
1.38363
0.93263
0.308292
-0.165714
-0.285282
-1.82704
1.0447
-0.266958
-0.104354
0.177986
1.38363
0.938766
0.306758
-0.16418
-0.285282
-1.82704
1.06617
-0.257754
-0.104354
0.167248
1.38363
0.944902
0.30369
-0.16418
-0.285282
-1.82704
1.08765
-0.247016
-0.10282
0.139636
1.38363
0.951038
0.302156
-0.162646
-0.285282
-1.82704
1.10299
-0.245482
-0.101286
0.124296
1.38363
0.958708
0.300622
-0.162646
-0.285282
-1.82704
1.11986
-0.250084
-0.101286
0.124296
1.38363
0.966378
0.300622
-0.159578
-0.283748
-1.82704
1.1352
-0.251618
-0.101286
0.121228
1.38363
0.975582
0.302156
-0.158044
-0.28068
-1.82704
1.14901
-0.254686
-0.101286
0.119694
1.38363
0.98632
0.302156
-0.153442
-0.276078
-1.82704
1.16128
-0.259288
-0.101286
0.119694
1.38363
0.997058
0.302156
-0.151908
-0.268408
-1.82704
1.17202
-0.260822
-0.101286
0.11816
1.38363
1.0124
0.302156
-0.14884
-0.260738
-1.82704
1.18276
-0.26389
-0.101286
0.11816
1.38363
1.03387
0.30369
-0.145772
-0.254602
-1.82704
1.19043
-0.265424
-0.101286
0.116626
1.38363
1.05995
0.309826
-0.144238
-0.254602
-1.82704
1.19656
-0.265424
-0.101286
0.116626
1.38363
1.08296
0.315962
-0.14117
-0.253068
-1.82704
1.20423
-0.265424
-0.101286
0.115092
1.38363
1.10904
0.323632
-0.136568
-0.253068
-1.82704
1.2119
-0.265424
-0.101286
0.116626
1.38363
1.13358
0.329768
-0.131966
-0.253068
-1.82704
1.21804
-0.265424
-0.101286
0.116626
1.38363
1.16273
0.337438
-0.127364
-0.251534
-1.82704
1.22417
-0.26389
-0.101286
0.115092
1.38363
1.18727
0.343574
-0.122762
-0.246932
-1.82704
1.23184
-0.265424
-0.101286
0.115092
1.38363
1.21028
0.351244
-0.11816
-0.246932
-1.8255
1.23951
-0.265424
-0.101286
0.116626
1.38363
1.22869
0.358914
-0.115092
-0.246932
-1.8255
1.24718
-0.265424
-0.101286
0.116626
1.38363
1.24403
0.36505
-0.11049
-0.246932
-1.8255
1.25485
-0.266958
-0.101286
0.115092
1.38363
1.2563
0.368118
-0.105888
-0.248466
-1.8255
1.26252
-0.268492
-0.101286
0.115092
1.38363
1.27011
0.371186
-0.10282
-0.248466
-1.8255
1.27019
-0.268492
-0.101286
0.115092
1.38363
1.27931
0.37272
-0.098218
-0.248466
-1.8255
1.27786
-0.270026
-0.101286
0.115092
1.38363
1.28545
0.37272
-0.093616
-0.248466
-1.8255
1.28707
-0.27156
-0.101286
0.115092
1.38363
1.29312
0.37272
-0.090548
-0.248466
-1.8255
1.29627
-0.27156
-0.101286
0.115092
1.38363
1.29926
0.371186
-0.0874801
-0.248466
-1.8255
1.30701
-0.273094
-0.101286
0.116626
1.38363
1.30539
0.369652
-0.0844119
-0.248466
-1.8255
1.31621
-0.274628
-0.101286
0.115092
1.38363
1.31153
0.366584
-0.0798099
-0.248466
-1.8255
1.32695
-0.274628
-0.101286
0.115092
1.38363
1.32073
0.361982
-0.0767419
-0.248466
-1.8255
1.33769
-0.274628
-0.101286
0.115092
1.38363
1.33147
0.355846
-0.0752079
-0.248466
-1.8255
1.3515
-0.274628
-0.101286
0.116626
1.38363
1.34374
0.34971
-0.07214
-0.248466
-1.8255
1.37144
-0.273094
-0.096684
0.116626
1.38363
1.35601
0.345108
-0.069072
-0.248466
-1.8255
1.38831
-0.273094
-0.09515
0.116626
1.38363
1.37749
0.340506
-0.067538
-0.248466
-1.8255
1.40672
-0.273094
-0.09515
0.116626
1.38363
1.39743
0.337438
-0.0644701
-0.248466
-1.82397
1.42206
-0.270026
-0.09515
0.116626
1.38363
1.42044
0.335904
-0.0614018
-0.246932
-1.82397
1.43893
-0.270026
-0.093616
0.116626
1.38363
1.44038
0.335904
-0.0583339
-0.246932
-1.82397
1.45427
-0.266958
-0.093616
0.116626
1.38363
1.45879
0.335904
-0.0552659
-0.246932
-1.82397
1.46808
-0.26389
-0.092082
0.116626
1.38363
1.47567
0.335904
-0.0521979
-0.246932
-1.82243
1.48189
-0.260822
-0.092082
0.116626
1.38363
1.49254
0.335904
-0.047596
-0.246932
-1.81476
1.49262
-0.257754
-0.090548
0.116626
1.38363
1.50635
0.335904
-0.044528
-0.246932
-1.80863
1.50183
-0.254686
-0.090548
0.116626
1.38363
1.51862
0.33437
-0.0399261
-0.246932
-1.80403
1.50796
-0.251618
-0.090548
0.116626
1.38363
1.52629
0.33437
-0.0368581
-0.246932
-1.80096
1.5141
-0.250084
-0.090548
0.116626
1.38363
1.53242
0.33437
-0.0337899
-0.246932
-1.79942
1.52024
-0.24855
-0.0890141
0.116626
1.38363
1.53549
0.332836
-0.0322559
-0.246932
-1.80096
1.52484
-0.247016
-0.0890141
0.116626
1.38363
1.53856
0.329768
-0.0291879
-0.246932
-1.80096
1.52944
-0.24855
-0.0890141
0.11816
1.38363
1.54163
0.328234
-0.0276539
-0.246932
-1.80096
1.53251
-0.24855
-0.0874801
0.116626
1.38363
1.54623
0.325166
-0.0261199
-0.246932
-1.80096
1.53711
-0.24855
-0.0859461
0.116626
1.38363
1.55083
0.322098
-0.024586
-0.246932
-1.80096
1.54018
-0.24855
-0.0844119
0.116626
1.38363
1.55697
0.31903
-0.023052
-0.246932
-1.79942
1.54478
-0.24855
-0.0844119
0.116626
1.38363
1.5631
0.317496
-0.021518
-0.246932
-1.80096
1.54938
-0.250084
-0.0828779
0.116626
1.38516
1.56924
0.314428
-0.019984
-0.246932
-1.80096
1.55398
-0.250084
-0.0813439
0.116626
1.38516
1.57538
0.31136
-0.01845
-0.246932
-1.80096
1.56012
-0.250084
-0.0798099
0.11816
1.38516
1.58305
0.308292
-0.016916
-0.246932
-1.80096
1.56626
-0.250084
-0.0782759
0.11816
1.38516
1.58918
0.305224
-0.0153821
-0.246932
-1.80096
1.57239
-0.24855
-0.0782759
0.11816
1.38669
1.59532
0.300622
-0.0153821
-0.246932
-1.80096
1.57853
-0.24855
-0.0782759
0.11816
1.38669
1.59992
0.297554
-0.0138481
-0.246932
-1.79942
1.5862
-0.24855
-0.0767419
0.119694
1.38669
1.60452
0.292952
-0.0138481
-0.246932
-1.80096
1.59233
-0.24855
-0.0767419
0.121228
1.38669
1.61066
0.28835
-0.0123138
-0.246932
-1.80096
1.59847
-0.24855
-0.0767419
0.124296
1.38669
1.61526
0.285282
-0.0123138
-0.246932
-1.80096
1.60614
-0.24855
-0.0752079
0.12583
1.38669
1.61986
0.282214
-0.0107799
-0.246932
-1.79942
1.61228
-0.24855
-0.0752079
0.127364
1.38669
1.626
0.28068
-0.00924587
-0.248466
-1.79942
1.61841
-0.24855
-0.0752079
0.127364
1.38669
1.6306
0.277612
-0.00924587
-0.246932
-1.80096
1.62608
-0.24855
-0.073674
0.127364
1.38669
1.6352
0.276078
-0.0061779
-0.246932
-1.80096
1.63222
-0.24855
-0.073674
0.127364
1.38669
1.64134
0.27301
-0.0061779
-0.246932
-1.80096
1.63835
-0.24855
-0.07214
0.127364
1.38823
1.64747
0.27301
-0.00464392
-0.246932
-1.79942
1.64602
-0.24855
-0.07214
0.127364
1.38823
1.65208
0.271476
-0.00310993
-0.246932
-1.80096
1.65216
-0.24855
-0.070606
0.127364
1.38823
1.65821
0.271476
-0.00157595
-0.246932
-1.80096
1.65983
-0.24855
-0.070606
0.127364
1.38823