1.71344
0.0643861
-0.0997519
-0.0152981
-1.56012
1.57853
-0.242414
-0.11816
0.1335
1.56924
1.71344
0.0659201
-0.0997519
-0.0152981
-1.56012
1.57546
-0.24088
-0.112024
0.139636
1.56924
1.71497
0.0659201
-0.0997519
-0.0137641
-1.56012
1.56932
-0.242414
-0.105888
0.14884
1.57077
1.71344
0.0659201
-0.0997519
-0.0137641
-1.56012
1.56472
-0.24088
-0.0997519
0.153442
1.57077
1.71497
0.0659201
-0.0997519
-0.0152981
-1.56165
1.56165
-0.24088
-0.093616
0.154976
1.57077
1.71344
0.0659201
-0.0997519
-0.0152981
-1.56012
1.55705
-0.24088
-0.0890141
0.15651
1.57077
1.71344
0.0659201
-0.0997519
-0.0137641
-1.56012
1.55398
-0.24088
-0.0828779
0.158044
1.57231
1.71497
0.0643861
-0.0997519
-0.0137641
-1.56012
1.55092
-0.24088
-0.0798099
0.159578
1.57231
1.71497
0.0659201
-0.0997519
-0.0152981
-1.56012
1.54785
-0.24088
-0.0752079
0.161112
1.57077
1.71497
0.0659201
-0.0997519
-0.0152981
-1.56012
1.54478
-0.242414
-0.070606
0.162646
1.57231
1.71497
0.0659201
-0.0997519
-0.0152981
-1.56012
1.54018
-0.242414
-0.066004
0.165714
1.57077
1.71497
0.0659201
-0.0997519
-0.0152981
-1.56012
1.53558
-0.245482
-0.0614018
0.167248
1.57077
1.71497
0.0659201
-0.0997519
-0.0137641
-1.56012
1.53251
-0.245482
-0.0567999
0.170316
1.57077
1.71497
0.0659201
-0.0997519
-0.0137641
-1.56012
1.52637
-0.24855
-0.0521979
0.17185
1.57077
1.71497
0.0659201
-0.0997519
-0.0137641
-1.56012
1.52024
-0.250084
-0.046062
0.174918
1.57077
1.71497
0.0659201
-0.0997519
-0.0152981
-1.56012
1.51563
-0.251618
-0.0368581
0.177986
1.57077
1.71497
0.0659201
-0.0997519
-0.0152981
-1.56012
1.5095
-0.253152
-0.0307219
0.181054
1.57077
1.71497
0.0659201
-0.0997519
-0.0137641
-1.56012
1.50336
-0.25622
-0.024586
0.184122
1.57077
1.71497
0.0659201
-0.0997519
-0.0137641
-1.56012
1.49876
-0.257754
-0.01845
0.18719
1.57077
1.71497
0.0659201
-0.0997519
-0.0137641
-1.56012
1.49262
-0.259288
-0.0123138
0.188724
1.57077
1.7165
0.0659201
-0.0997519
-0.0152981
-1.56012
1.48802
-0.260822
-0.00464392
0.190258
1.57077
1.71804
0.0643861
-0.0997519
-0.0137641
-1.56012
1.48189
-0.262356
0.00149202
0.193326
1.57077
1.71804
0.0643861
-0.0997519
-0.0152981
-1.56012
1.47575
-0.265424
0.00762796
0.19486
1.57231
1.71957
0.0643861
-0.0997519
-0.0137641
-1.56012
1.46961
-0.268492
0.0199001
0.199462
1.57231
1.71957
0.0659201
-0.0997519
-0.0152981
-1.56012
1.46501
-0.273094
0.0475121
0.208666
1.57231
1.72111
0.0643861
-0.0997519
-0.0137641
-1.56012
1.45888
-0.27923
0.0858622
0.222472
1.57077
1.72264
0.0643861
-0.0997519
-0.0152981
-1.56012
1.45581
-0.2869
0.13495
0.243948
1.56924
1.72417
0.0643861
-0.0997519
-0.0137641
-1.56012
1.45274
-0.296104
0.187106
0.268492
1.56157
1.72417
0.0643861
-0.0997519
-0.0152981
-1.56012
1.44967
-0.305308
0.25
0.299172
1.5539
1.72417
0.0643861
-0.0997519
-0.0152981
-1.56012
1.44967
-0.314512
0.308292
0.331386
1.54316
1.72417
0.0643861
-0.0997519
-0.0152981
-1.56012
1.44967
-0.328318
0.369652
0.3636
1.52475
1.72417
0.0643861
-0.0997519
-0.0152981
-1.56012
1.44967
-0.342124
0.421808
0.397348
1.50635
1.72417
0.0643861
-0.0997519
-0.0152981
-1.56012
1.45121
-0.351328
0.47243
0.42496
1.49407
1.72417
0.0643861
-0.0997519
-0.0137641
-1.56012
1.45121
-0.35593
0.496974
0.443368
1.49101
1.72417
0.0643861
-0.0997519
-0.0152981
-1.56012
1.45121
-0.360532
0.504644
0.457174
1.49101
1.72417
0.0643861
-0.0997519
-0.0152981
-1.56012
1.45274
-0.3636
0.504644
0.466378
1.49101
1.72417
0.0643861
-0.0997519
-0.0152981
-1.56012
1.45274
-0.366668
0.515382
0.474048
1.49101
1.72417
0.0643861
-0.0997519
-0.0137641
-1.56012
1.45274
-0.369736
0.523052
0.484786
1.49254
1.72417
0.0643861
-0.0997519
-0.0152981
-1.56012
1.45274
-0.374338
0.527654
0.49399
1.49407
1.72417
0.0643861
-0.0997519
-0.0152981
-1.56012
1.45274
-0.380474
0.532256
0.504728
1.49407
1.72417
0.0643861
-0.0997519
-0.0152981
-1.56012
1.45274
-0.385076
0.538392
0.512398
1.49561
1.72417
0.0643861
-0.0997519
-0.0152981
-1.56012
1.45121
-0.38661
0.546062
0.520068
1.49714
1.72417
0.0643861
-0.0997519
-0.0152981
-1.56012
1.45121
-0.389678
0.555266
0.527738
1.49868
1.72417
0.0643861
-0.0997519
-0.0152981
-1.56012
1.45121
-0.391212
0.561402
0.53234
1.50174
1.72417
0.0643861
-0.0997519
-0.0152981
-1.56012
1.45121
-0.392746
0.569072
0.536942
1.50635
1.72417
0.0643861
-0.0997519
-0.0152981
-1.56012
1.44967
-0.39428
0.575208
0.543078
1.51248
1.72417
0.0643861
-0.0997519
-0.0152981
-1.56012
1.44814
-0.395814
0.589014
0.552282
1.51555
1.72417
0.0643861
-0.0997519
-0.0137641
-1.56012
1.44814
-0.400416
0.613558
0.569156
1.51555
1.72417
0.0643861
-0.0997519
-0.0137641
-1.56012
1.44814
-0.403484
0.651908
0.5937
1.51555
1.72417
0.0643861
-0.0997519
-0.0152981
-1.56012
1.44814
-0.406552
0.690258
0.622846
1.51555
1.72417
0.0643861
-0.0997519
-0.0152981
-1.56012
1.44814
-0.411154
0.72554
0.65506
1.51248
1.72417
0.0643861
-0.0997519
-0.0137641
-1.56012
1.44814
-0.414222
0.760822
0.682672
1.51248
1.72417
0.0643861
-0.0997519
-0.0152981
-1.56012
1.44967
-0.414222
0.788434
0.705682
1.51402
1.72417
0.0643861
-0.0997519
-0.0152981
-1.56012
1.44967
-0.41729
0.803774
0.722556
1.51402
1.72417
0.0643861
-0.0997519
-0.0152981
-1.56012
1.44814
-0.418824
0.814512
0.736362
1.51708
1.72417
0.0643861
-0.0997519
-0.0137641
-1.56012
1.44814
-0.423426
0.828318
0.756304
1.51862
1.72417
0.0643861
-0.0997519
-0.0137641
-1.56012
1.44814
-0.42496
0.837522
0.771644
1.52169
1.72417
0.0643861
-0.0997519
-0.0152981
-1.56012
1.44814
-0.426494
0.849794
0.788518
1.52475
1.72417
0.0643861
-0.0997519
-0.0137641
-1.56012
1.44814
-0.428028
0.8636
0.803858
1.52475
1.72417
0.0643861
-0.0997519
-0.0152981
-1.56012
1.44814
-0.429562
0.882008
0.820732
1.52629
1.72417
0.0643861
-0.0997519
-0.0152981
-1.56012
1.44814
-0.428028
0.898882
0.83147
1.52629
1.72417
0.0643861
-0.0997519
-0.0152981
-1.56012
1.44507
-0.428028
0.918824
0.840674
1.52475
1.72417
0.0643861
-0.0997519
-0.0152981
-1.56012
1.442
-0.426494
0.938766
0.85448
1.52629
1.72417
0.0643861
-0.0997519
-0.0152981
-1.56012
1.44047
-0.42496
0.958708
0.871354
1.52936
1.72417
0.0643861
-0.0997519
-0.0152981
-1.56012
1.4374
-0.42496
0.974048
0.891296
1.53089
1.72417
0.0643861
-0.0997519
-0.0137641
-1.56012
1.4374
-0.42496
0.987854
0.914306
1.53549
1.72417
0.0643861
-0.0997519
-0.0152981
-1.56012
1.43587
-0.423426
1.00319
0.941918
1.53856
1.72417
0.0643861
-0.0997519
-0.0152981
-1.56012
1.43587
-0.423426
1.01547
0.967996
1.54776
1.72417
0.0643861
-0.0997519
-0.0152981
-1.56012
1.43433
-0.421892
1.0262
0.994074
1.55543
1.72417
0.0643861
-0.0997519
-0.0152981
-1.56012
1.43433
-0.423426
1.03541
1.02015
1.56771
1.72417
0.0643861
-0.0997519
-0.0152981
-1.56012
1.4328
-0.421892
1.04308
1.04776
1.57998
1.72417
0.0643861
-0.0997519
-0.0137641
-1.56012
1.43126
-0.421892
1.04921
1.07231
1.59225
1.72417
0.0643861
-0.0997519
-0.0152981
-1.56012
1.42973
-0.41729
1.05688
1.09839
1.59992
1.72417
0.0643861
-0.0997519
-0.0137641
-1.56012
1.4282
-0.414222
1.06302
1.1214
1.60759
1.72417
0.0643861
-0.0997519
-0.0152981
-1.56012
1.42666
-0.412688
1.06916
1.14441
1.61526
1.72417
0.0643861
-0.0997519
-0.0152981
-1.56012
1.42666
-0.408086
1.07376
1.16435
1.6214
1.72417
0.0643861
-0.0997519
-0.0137641
-1.56012
1.42666
-0.408086
1.07836
1.18736
1.63213
1.72417
0.0643861
-0.0997519
-0.0152981
-1.56012
1.42666
-0.406552
1.08143
1.2119
1.6398
1.72417
0.0643861
-0.0997519
-0.0152981
-1.56012
1.42513
-0.405018
1.0845
1.23491
1.65208
1.72417
0.0643861
-0.0997519
-0.0152981
-1.56012
1.42359
-0.403484
1.08603
1.25792
1.66281
1.72417
0.0643861
-0.0997519
-0.0152981
-1.56012
1.42206
-0.40195
1.08756
1.2794
1.67509
1.72417
0.0643861
-0.0997519
-0.0137641
-1.56012
1.42206
-0.400416
1.09063
1.30087
1.68889
1.72417
0.0643861
-0.0997519
-0.0152981
-1.56012
1.41899
-0.397348
1.09217
1.32082
1.70116
1.72417
0.0643861
-0.0997519
-0.0137641
-1.56012
1.41746
-0.395814
1.0937
1.34383
1.71804
1.72417
0.0643861
-0.0997519
-0.0152981
-1.56165
1.41592
-0.395814
1.09677
1.3653
1.74105
1.72417
0.0643861
-0.0997519
-0.0152981
-1.56012
1.41286
-0.395814
1.09984
1.38831
1.76713
1.72417
0.0643861
-0.0997519
-0.0152981
-1.56012
1.40825
-0.395814
1.10444
1.40672
1.79167
1.72417
0.0643861
-0.0997519
-0.0152981
-1.56012
1.40365
-0.395814
1.11211
1.42666
1.80854
1.72417
0.0643861
-0.0997519
-0.0137641
-1.56012
1.39752
-0.391212
1.12131
1.4466
1.82235
1.72417
0.0643861
-0.0997519
-0.0152981
-1.56012
1.39291
-0.38661
1.13205
1.46348
1.83309
1.72417
0.0643861
-0.0997519
-0.0152981
-1.56012
1.38524
-0.382008
1.14739
1.48189
1.83616
1.72417
0.0643861
-0.0997519
-0.0137641
-1.56012
1.37911
-0.377406
1.1612
1.49723
1.83769
1.72417
0.0643861
-0.0997519
-0.0137641
-1.56012
1.37297
-0.372804
1.17347
1.5095
1.84076
1.72417
0.0643861
-0.0997519
-0.0152981
-1.56012
1.36377
-0.37127
1.17654
1.5141
1.84383
1.72417
0.0628521
-0.0997519
-0.0152981
-1.56012
1.35303
-0.369736
1.17807
1.5187
1.84843
1.72417
0.0643861
-0.0997519
-0.0152981
-1.56012
1.34383
-0.368202
1.1796
1.52177
1.85456
1.72264
0.0643861
-0.0997519
-0.0137641
-1.56012
1.33155
-0.366668
1.18114
1.5233
1.85763
1.72417
0.0628521
-0.0997519
-0.0152981
-1.56012
1.31928
-0.3636
1.18114
1.52484
1.85763
1.72264
0.0643861
-0.0997519
-0.0152981
-1.56012
1.30701
-0.358998
1.18114
1.52791
1.85917
1.72417
0.0643861
-0.0997519
-0.0152981
-1.56012
1.29474
-0.35593
1.18267
1.53097
1.85917
1.72264
0.0643861
-0.0997519
-0.0152981
-1.56012
1.27786
-0.349794
1.18421
1.53404
1.85917
1.72417
0.0643861
-0.0997519
-0.0152981
-1.56012
1.25179
-0.34059
1.18574
1.53404
1.85917
1.72417
0.0643861
-0.0997519
-0.0137641
-1.56012
1.22417
-0.328318
1.18574
1.53404
1.85917
1.72264
0.0643861
-0.0997519
-0.0152981
-1.56012
1.1981
-0.316046
1.18881
1.53404
1.85917
1.72264
0.0643861
-0.0997519
-0.0152981
-1.56012
1.17662
-0.305308
1.19034
1.53558
1.85917
1.72264
0.0643861
-0.0997519
-0.0137641
-1.56012
1.15054
-0.296104
1.19034
1.53558
1.85917
1.72264
0.0659201
-0.0997519
-0.0137641
-1.56012
1.12907
-0.288434
1.19034
1.53711
1.85917
1.72417
0.0659201
-0.0997519
-0.0152981
-1.56012
1.10606
-0.280764
1.19034
1.54018
1.86223
1.72417
0.0659201
-0.0997519
-0.0137641
-1.56012
1.08458
-0.274628
1.19034
1.54171
1.8653
1.72417
0.0659201
-0.0997519
-0.0137641
-1.56012
1.06157
-0.268492
1.19034
1.54325
1.86684
1.72417
0.0659201
-0.0997519
-0.0152981
-1.56012
1.04316
-0.26389
1.19034
1.54478
1.86684
1.72417
0.0659201
-0.0997519
-0.0152981
-1.56012
1.02015
-0.259288
1.19034
1.54631
1.86684
1.72417
0.0659201
-0.0997519
-0.0137641
-1.56012
0.997142
-0.253152
1.19034
1.54631
1.86837
1.72417
0.0659201
-0.0997519
-0.0152981
-1.56012
0.972598
-0.247016
1.19034
1.54631
1.86837
1.72417
0.0659201
-0.0997519
-0.0137641
-1.56012
0.948054
-0.24088
1.19034
1.54631
1.86837
1.72417
0.0659201
-0.0997519
-0.0152981
-1.56012
0.920442
-0.231676
1.19188
1.54631
1.86837
1.72417
0.0659201
-0.0997519
-0.0137641
-1.56012
0.897432
-0.224006
1.19341
1.54631
1.86837
1.72264
0.0659201
-0.0997519
-0.0152981
-1.56012
0.872888
-0.21787
1.19801
1.54785
1.86837
1.72417
0.0643861
-0.0997519
-0.0152981
-1.56012
0.851412
-0.211734
1.20261
1.54785
1.8699
1.72417
0.0659201
-0.0997519
-0.0152981
-1.56012
0.829936
-0.205598
1.20875
1.54631
1.8699
1.72417
0.0643861
-0.0997519
-0.0152981
-1.56012
0.80846
-0.197928
1.21182
1.54631
1.8699
1.72417
0.0659201
-0.0997519
-0.0152981
-1.56012
0.788518
-0.188724
1.21335
1.54631
1.8699
1.72417
0.0643861
-0.0997519
-0.0152981
-1.56012
0.767042
-0.181054
1.21489
1.54631
1.8699
1.72417
0.0659201
-0.0997519
-0.0152981
-1.56012
0.7471
-0.174918
1.21795
1.54631
1.8699
1.72417
0.0659201
-0.0997519
-0.0152981
-1.56012
0.725624
-0.17185
1.22102
1.54631
1.8699
1.72417
0.0643861
-0.0997519
-0.0137641
-1.56165
0.707216
-0.17185
1.22716
1.54631
1.8699
1.72417
0.0643861
-0.0997519
-0.0152981
-1.56012
0.687274
-0.17185
1.23023
1.54785
1.8699
1.72417
0.0643861
-0.0997519
-0.0137641
-1.56012
0.668866
-0.170316
1.23176
1.54785
1.8699
1.72417
0.0643861
-0.0997519
-0.0152981
-1.56012
0.64739
-0.165714
1.23329
1.54938
1.8699
1.72417
0.0643861
-0.0997519
-0.0152981
-1.56012
0.627448
-0.161112
1.23483
1.54938
1.8699
1.72417
0.0643861
-0.0997519
-0.0152981
-1.56012
0.605972
-0.15651
1.23636
1.54938
1.86837
1.72417
0.0643861
-0.0997519
-0.0152981
-1.56012
0.587564
-0.154976
1.23943
1.54938
1.8699
1.72417
0.0643861
-0.0997519
-0.0152981
-1.56012
0.566088
-0.151908
1.2425
1.54938
1.8699
1.72417
0.0643861
-0.0997519
-0.0137641
-1.56012
0.54768
-0.150374
1.2471
1.54938
1.8699
1.72417
0.0643861
-0.0997519
-0.0137641
-1.56012
0.533874
-0.147306
1.25017
1.54938
1.8699
1.72417
0.0643861
-0.0997519
-0.0152981
-1.56012
0.526204
-0.145772
1.2517
1.54938
1.8699
1.72417
0.0659201
-0.0997519
-0.0152981
-1.56012
0.520068
-0.147306
1.25324
1.55245
1.8699
1.72417
0.0643861
-0.0997519
-0.0152981
-1.56012
0.512398
-0.147306
1.2563
1.55245
1.8699
1.72417
0.0643861
-0.0997519
-0.0152981
-1.56012
0.506262
-0.145772
1.26244
1.55245
1.8699
1.72417
0.0643861
-0.0997519
-0.0152981
-1.56012
0.497058
-0.147306
1.26704
1.55245
1.8699
1.72417
0.0643861
-0.0997519
-0.0152981
-1.56012
0.489388
-0.145772
1.27164
1.55245
1.8699
1.72417
0.0643861
-0.0997519
-0.0152981
-1.56012
0.481718
-0.145772
1.27625
1.55245
1.8699
1.72417
0.0659201
-0.0997519
-0.0152981
-1.56012
0.472514
-0.147306
1.27931
1.55245
1.8699
1.72417
0.0659201
-0.0997519
-0.0137641
-1.56012
0.464844
-0.147306
1.28392
1.55245
1.8699
1.72417
0.0659201
-0.0997519
-0.0152981
-1.56012
0.458708
-0.145772
1.28852
1.55245
1.8699
1.72417
0.0659201
-0.0997519
-0.0152981
-1.56012
0.451038
-0.145772
1.29312
1.55245
1.8699
1.72417
0.0643861
-0.0997519
-0.0137641
-1.56012
0.444902
-0.147306
1.29772
1.55245
1.86837
1.72417
0.0659201
-0.0997519
-0.0152981
-1.56012
0.438766
-0.145772
1.30386
1.55245
1.86837
1.72417
0.0659201
-0.0997519
-0.0152981
-1.56012
0.43263
-0.147306
1.31153
1.55245
1.86837
1.72417
0.0659201
-0.0997519
-0.0137641
-1.56012
0.426494
-0.147306
1.3192
1.55245
1.86837
1.72417
0.0659201
-0.0997519
-0.0152981
-1.56012
0.421892
-0.14884
1.3284
1.55245
1.86837
1.72417
0.0643861
-0.0997519
-0.0152981
-1.56012
0.41729
-0.150374
1.33761
1.55245
1.86837
1.72417
0.0659201
-0.0997519
-0.0152981
-1.56012
0.412688
-0.151908
1.34681
1.55092
1.86684
1.72417
0.0643861
-0.0997519
-0.0152981
-1.56012
0.408086
-0.151908
1.35448
1.55245
1.8653
1.72417
0.0659201
-0.0997519
-0.0152981
-1.56012
0.403484
-0.153442
1.36368
1.55092
1.85917
1.72417
0.0659201
-0.0997519
-0.0152981
-1.56012
0.398882
-0.153442
1.37135
1.55092
1.84689
1.72417
0.0659201
-0.0997519
-0.0152981
-1.56012
0.391212
-0.151908
1.37902
1.55245
1.82235
1.72417
0.0659201
-0.0997519
-0.0152981
-1.56012
0.385076
-0.151908
1.38363
1.55092
1.79781
1.72417
0.0643861
-0.0997519
-0.0137641
-1.56012
0.37894
-0.150374
1.38976
1.55092
1.77173
1.72417
0.0643861
-0.0997519
-0.0152981
-1.56012
0.37127
-0.14884
1.3959
1.55092
1.75179
1.72417
0.0643861
-0.0997519
-0.0137641
-1.56012
0.362066
-0.14884
1.40203
1.55092
1.72878
1.72417
0.0659201
-0.0997519
-0.0152981
-1.56012
0.352862
-0.14884
1.40664
1.55092
1.70577
1.72417
0.0643861
-0.0997519
-0.0152981
-1.56012
0.342124
-0.14884
1.41124
1.55092
1.68429
1.72417
0.0643861
-0.0997519
-0.0152981
-1.56012
0.331386
-0.14884
1.41431
1.55092
1.66895
1.72417
0.0628521
-0.0997519
-0.0152981
-1.56012
0.322182
-0.14884
1.41737
1.55092
1.65514
1.72417
0.0643861
-0.0997519
-0.0152981
-1.56012
0.311444
-0.147306
1.42198
1.55092
1.64594
1.72417
0.0643861
-0.0997519
-0.0137641
-1.56012
0.30224
-0.147306
1.42351
1.55092
1.6398
1.72417
0.0643861
-0.0997519
-0.0137641
-1.56012
0.285366
-0.147306
1.42504
1.55092
1.6306
1.72417
0.0643861
-0.0997519
-0.0152981
-1.56012
0.27156
-0.147306
1.42658
1.55092
1.62446
1.72417
0.0628521
-0.0997519
-0.0152981
-1.56012
0.25622
-0.147306
1.42811
1.55092
1.61679
1.72417
0.0628521
-0.0997519
-0.0152981
-1.56012
0.24855
-0.145772
1.42965
1.55092
1.60912
1.72417
0.0628521
-0.0997519
-0.0152981
-1.56012
0.24088
-0.145772
1.43118
1.55092
1.59992
1.72417
0.0628521
-0.0997519
-0.0152981
-1.56012
0.236278
-0.145772
1.43425
1.55092
1.59225
1.72417
0.0628521
-0.0997519
-0.0152981
-1.56012
0.230142
-0.144238
1.43578
1.55092
1.58765
1.72417
0.0628521
-0.0997519
-0.0152981
-1.56012
0.22554
-0.144238
1.44038
1.55092
1.58458
1.72417
0.0628521
-0.0997519
-0.0152981
-1.56012
0.220938
-0.144238
1.44499
1.55092
1.58305
1.72417
0.0628521
-0.0997519
-0.0152981
-1.56012
0.21787
-0.144238
1.44959
1.55092
1.58151
1.72417
0.0628521
-0.0997519
-0.0152981
-1.56012
0.214802
-0.145772
1.45112
1.55092
1.58151
1.72417
0.0628521
-0.0997519
-0.0137641
-1.56012
0.211734
-0.144238
1.45572
1.55092
1.58151
1.72417
0.0628521
-0.0997519
-0.0152981
-1.56012
0.208666
-0.144238
1.45879
1.55092
1.58151
1.72417
0.0628521
-0.0997519
-0.0152981
-1.56012
0.207132
-0.144238
1.46186
1.55092
1.58151
1.72417
0.0628521
-0.0997519
-0.0152981
-1.56012
0.204064
-0.144238
1.46493
1.55092
1.58151
1.72417
0.0628521
-0.0997519
-0.0152981
-1.56012
0.204064
-0.144238
1.46953
1.55092
1.58151
1.72417
0.0628521
-0.0997519
-0.0152981
-1.56012
0.20253
-0.144238
1.4726
1.55092
1.58151
1.72417
0.0628521
-0.0997519
-0.0152981
-1.56012
0.20253
-0.144238
1.47413
1.55092
1.58151
1.72264
0.0628521
-0.0997519
-0.0152981
-1.56012
0.200996
-0.144238
1.47567
1.55092
1.58151
1.72417
0.0628521
-0.0997519
-0.0152981
-1.56165
0.200996
-0.144238
1.47567
1.55092
1.58151
1.72264
0.0628521
-0.0997519
-0.0137641
-1.56012
0.199462
-0.144238
1.47567
1.55092
1.58151
1.72264
0.0628521
-0.0997519
-0.0137641
-1.56012
0.197928
-0.142704
1.47567
1.55092
1.58151
1.72264
0.0643861
-0.0997519
-0.0152981
-1.56012
0.196394
-0.142704
1.47567
1.55092
1.57998
1.72264
0.0628521
-0.0997519
-0.0152981
-1.56012
0.19486
-0.142704
1.47567
1.55092
1.57998
1.72417
0.0628521
-0.0997519
-0.0152981
-1.56012
0.19486
-0.144238
1.4772
1.55092
1.57998
1.72417
0.0628521
-0.0997519
-0.0152981
-1.56012
0.193326
-0.144238
1.4772
1.55092
1.57998
1.72417
0.0628521
-0.0997519
-0.0152981
-1.56012
0.190258
-0.144238
1.47873
1.55092
1.57844
1.72417
0.0628521
-0.0997519
-0.0152981
-1.56012
0.185656
-0.144238
1.47873
1.55092
1.57538
1.72417
0.0643861
-0.0997519
-0.0152981
-1.56012
0.182588
-0.144238
1.47873
1.55092
1.57384
1.72264
0.0628521
-0.0997519
-0.0137641
-1.56012
0.17952
-0.144238
1.47873
1.55092
1.57231
1.72417
0.0643861
-0.0997519
-0.0152981
-1.56012
0.176452
-0.144238
1.47873
1.55092
1.57231
1.72264
0.0628521
-0.0997519
-0.0152981
-1.56012
0.174918
-0.144238
1.48027
1.55092
1.57231
1.72417
0.0628521
-0.0997519
-0.0152981
-1.56012
0.174918
-0.144238
1.48334
1.55092
1.57231
1.72264
0.0628521
-0.0997519
-0.0152981
-1.56012
0.174918
-0.144238
1.48794
1.55092
1.57231
1.72264
0.0628521
-0.0997519
-0.0152981
-1.56012
0.174918
-0.144238
1.48947
1.55092
1.57231
1.72417
0.0628521
-0.0997519
-0.0137641
-1.56012
0.173384
-0.144238
1.49101
1.55092
1.57231
1.72417
0.0628521
-0.0997519
-0.0137641
-1.56012
0.173384
-0.144238
1.49254
1.55092
1.57231
1.72417
0.0628521
-0.0997519
-0.0152981
-1.56012
0.173384
-0.144238
1.49407
1.55092
1.57231
1.72417
0.0628521
-0.0997519
-0.0152981
-1.56012
0.173384
-0.144238
1.49407
1.55092
1.57231
1.72417
0.0628521
-0.0997519
-0.0152981
-1.56012
0.173384
-0.144238
1.49407
1.55092
1.57231
1.72417
0.0628521
-0.0997519
-0.0152981
-1.56012
0.173384
-0.142704
1.49407
1.55092
1.57231
1.72417
0.0628521
-0.0997519
-0.0152981
-1.56012
0.173384
-0.142704
1.49407
1.55092
1.57231
1.72417
0.0628521
-0.0997519
-0.0152981
-1.56012
0.173384
-0.142704
1.49407
1.55092
1.57231
1.72417
0.0628521
-0.0997519
-0.0152981
-1.56012
0.173384
-0.142704
1.49407
1.55245
1.57231
1.72417
0.0628521
-0.0997519
-0.0152981
-1.56165
0.173384
-0.142704
1.49407
1.55092
1.57231
1.72417
0.0643861
-0.0997519
-0.0152981
-1.56012
0.173384
-0.142704
1.49407
1.55092
1.57231
1.72417
0.0628521
-0.0997519
-0.0152981
-1.56012
0.173384
-0.142704
1.49407
1.55092
1.57231
1.72417
0.0628521
-0.0997519
-0.0152981
-1.56012
0.173384
-0.144238
1.49407
1.55092
1.57231
1.72264
0.0628521
-0.0997519
-0.0152981
-1.56012
0.173384
-0.142704
1.49407
1.55092
1.57231
1.72417
0.0628521
-0.0997519
-0.0137641
-1.56012
0.173384
-0.142704
1.49407
1.55092
1.57231
1.72417
0.0628521
-0.0997519
-0.0152981
-1.56012
0.173384
-0.142704
1.49407
1.55092
1.57231
1.72417
0.0628521
-0.0997519
-0.0152981
-1.56012
0.173384
-0.142704
1.49407
1.55245
1.57231
1.72417
0.0628521
-0.0997519
-0.0152981
-1.56012
0.173384
-0.142704
1.49407
1.55092
1.57231
1.72417
0.0643861
-0.0997519
-0.0152981
-1.56012
0.173384
-0.144238
1.49407
1.55092
1.57231
1.72264
0.0628521
-0.0997519
-0.0152981
-1.56012
0.173384
-0.142704
1.49407
1.55092
1.57231
1.72417
0.0628521
-0.0997519
-0.0137641
-1.56012
0.173384
-0.142704
1.49407
1.55245
1.57231
1.72417
0.0628521
-0.0997519
-0.0152981
-1.56012
0.173384
-0.142704
1.49407
1.55092
1.57231
1.72417
0.0628521
-0.0997519
-0.0137641
-1.56012
0.174918
-0.142704
1.49407
1.55092
1.57231
1.72417
0.0628521
-0.0997519
-0.0152981
-1.56012
0.173384
-0.142704
1.49407
1.55245
1.57231
1.72417
0.0628521
-0.0997519
-0.0152981
-1.56012
0.173384
-0.142704
1.49407
1.55092
1.57231
1.72417
0.0628521
-0.0997519
-0.0152981
-1.56012
0.174918
-0.142704
1.49407
1.55092
1.57384
1.72264
0.0628521
-0.0997519
-0.0152981
-1.56012
0.173384
-0.14117
1.49407
1.55245
1.57384
1.72417
0.0628521
-0.0997519
-0.0152981
-1.56012
0.173384
-0.14117
1.49407
1.55245
1.57231
1.72417
0.0628521
-0.0997519
-0.0152981
-1.56012
0.173384
-0.14117
1.49407
1.55245
1.57231
1.72417
0.0628521
-0.0997519
-0.0152981
-1.56012
0.174918
-0.14117
1.49407
1.55092
1.57384
1.72417
0.0628521
-0.0997519
-0.0152981
-1.56012
0.174918
-0.14117
1.49407
1.55092
1.57231
1.72417
0.0628521
-0.0997519
-0.0152981
-1.56012
0.173384
-0.14117
1.49407
1.55245
1.57231
1.72264
0.0628521
-0.0997519
-0.0152981
-1.56012
0.173384
-0.14117
1.49407
1.55245
1.57231
1.72417
0.0628521
-0.0997519
-0.0152981
-1.56012
0.173384
-0.14117
1.49407
1.55245
1.57231
1.72417
0.0628521
-0.0997519
-0.0137641
-1.56012
0.173384
-0.14117
1.49407
1.55092
1.57231
1.72417
0.0628521
-0.0997519
-0.0152981
-1.56012
0.173384
-0.14117
1.49407
1.55245
1.57231
1.72417
0.0628521
-0.0997519
-0.0137641
-1.56012
0.173384
-0.14117
1.49407
1.55245
1.57231
1.72417
0.0628521
-0.0997519
-0.0152981
-1.56012
0.173384
-0.139636
1.49407
1.55092
1.57231
1.72417
0.0628521
-0.0997519
-0.0152981
-1.56012
0.173384
-0.139636
1.49407
1.55245
1.57231
1.72417
0.0628521
-0.0997519
-0.0152981
-1.56012
0.173384
-0.139636
1.49407
1.55092
1.57384
1.72264
0.0628521
-0.0997519
-0.0137641
-1.56012
0.174918
-0.139636
1.49407
1.55092
1.57231
1.72417
0.0628521
-0.0997519
-0.0152981
-1.56012
0.174918
-0.138102
1.49407
1.55245
1.57231
1.72417
0.0628521
-0.0997519
-0.0152981
-1.56012
0.173384
-0.138102
1.49407
1.55245
1.57231
1.72417
0.0628521
-0.0997519
-0.0152981
-1.56012
0.173384
-0.138102
1.49407
1.55245
1.57231
1.72264
0.0628521
-0.0997519
-0.0152981
-1.56012
0.173384
-0.138102
1.49407
1.55092
1.57231
1.72417
0.0628521
-0.0997519
-0.0152981
-1.56012
0.174918
-0.138102
1.49407
1.55092
1.57231
1.72417
0.0628521
-0.0997519
-0.0152981
-1.56012
0.174918
-0.136568
1.49407
1.55245
1.57231
1.72264
0.0628521
-0.0997519
-0.0137641
-1.56012
0.174918
-0.136568
1.49407
1.55245
1.57231
1.72264
0.0628521
-0.0997519
-0.0152981
-1.56012
0.174918
-0.136568
1.49407
1.55245
1.57231
1.72264
0.0628521
-0.0997519
-0.0152981
-1.56012
0.174918
-0.136568
1.49407
1.55245
1.57231
1.72417
0.0628521
-0.0997519
-0.0152981
-1.56012
0.176452
-0.136568
1.49407
1.55245
1.57384
1.72417
0.0628521
-0.0997519
-0.0137641
-1.56012
0.181054
-0.136568
1.49407
1.55245
1.57538
1.72417
0.0643861
-0.0997519
-0.0152981
-1.56012
0.185656
-0.136568
1.49254
1.55245
1.57384
1.72417
0.0628521
-0.0997519
-0.0152981
-1.56012
0.188724
-0.136568
1.49254
1.55245
1.57231
1.72417
0.0628521
-0.0997519
-0.0152981
-1.56012
0.191792
-0.136568
1.49407
1.55245
1.57384
1.72417
0.0628521
-0.0997519
-0.0152981
-1.56012
0.199462
-0.136568
1.49254
1.55092
1.57691
1.72264
0.0628521
-0.0997519
-0.0137641
-1.56012
0.208666
-0.135034
1.49254
1.55092
1.57844
1.72417
0.0628521
-0.0997519
-0.0152981
-1.56012
0.219404
-0.135034
1.48947
1.55092
1.57844
1.72417
0.0628521
-0.0997519
-0.0152981
-1.56012
0.230142
-0.135034
1.4864
1.54938
1.57844
1.72417
0.0628521
-0.0997519
-0.0152981
-1.56012
0.24088
-0.1335
1.48334
1.54631
1.57998
1.72417
0.0628521
-0.0997519
-0.0152981
-1.56012
0.251618
-0.131966
1.48027
1.54171
1.57998
1.72264
0.0628521
-0.0997519
-0.0152981
-1.56012
0.262356
-0.131966
1.4772
1.53558
1.57998
1.72417
0.0628521
-0.0997519
-0.0152981
-1.56012
0.276162
-0.131966
1.47413
1.52791
1.57998
1.72264
0.0628521
-0.0997519
-0.0152981
-1.56012
0.296104
-0.1335
1.4726
1.52484
1.57998
1.72264
0.0628521
-0.0997519
-0.0152981
-1.56012
0.320648
-0.135034
1.47106
1.52484
1.57998
1.72417
0.0628521
-0.0997519
-0.0152981
-1.56012
0.349794
-0.136568
1.46953
1.52484
1.57844
1.72264
0.0628521
-0.0997519
-0.0152981
-1.56012
0.377406
-0.136568
1.468
1.5233
1.57844
1.72417
0.0628521
-0.0997519
-0.0152981
-1.56012
0.406552
-0.138102
1.46646
1.52484
1.57844
1.72264
0.0628521
-0.0997519
-0.0152981
-1.56012
0.434164
-0.139636
1.46339
1.52484
1.57844
1.72417
0.0628521
-0.0997519
-0.0152981
-1.56012
0.460242
-0.139636
1.46033
1.5233
1.57844
1.72264
0.0628521
-0.0997519
-0.0152981
-1.56012
0.484786
-0.139636
1.45726
1.52484
1.57844
1.72417
0.0628521
-0.0997519
-0.0152981
-1.56012
0.50933
-0.139636
1.45266
1.5233
1.57844
1.72417
0.0628521
-0.0997519
-0.0152981
-1.56012
0.53234
-0.14117
1.44805
1.5233
1.57691
1.72264
0.0628521
-0.0997519
-0.0152981
-1.56012
0.553816
-0.142704
1.44345
1.5233
1.57077
1.72264
0.0628521
-0.0997519
-0.0152981
-1.56012
0.576826
-0.142704
1.43732
1.52177
1.5631
1.72264
0.0628521
-0.0997519
-0.0152981
-1.56012
0.596768
-0.142704
1.43118
1.5141
1.55697
1.72264
0.0628521
-0.0997519
-0.0137641
-1.56012
0.621312
-0.142704
1.42504
1.50643
1.55083
1.72264
0.0628521
-0.0997519
-0.0152981
-1.56012
0.642788
-0.142704
1.41891
1.49876
1.54776
1.72264
0.0628521
-0.0997519
-0.0152981
-1.56012
0.667332
-0.144238
1.41431
1.49262
1.5447
1.72264
0.0628521
-0.0997519
-0.0137641
-1.56012
0.688808
-0.144238
1.40817
1.49109
1.54316
1.72264
0.0628521
-0.0997519
-0.0152981
-1.56012
0.711818
-0.144238
1.39897
1.48802
1.53703
1.72111
0.0628521
-0.0997519
-0.0152981
-1.56012
0.73176
-0.144238
1.38976
1.48649
1.52629
1.71957
0.0628521
-0.0997519
-0.0137641
-1.56012
0.750168
-0.142704
1.37596
1.48495
1.50788
1.72111
0.0628521
-0.0997519
-0.0137641
-1.56012
0.771644
-0.14117
1.36368
1.48342
1.48947
1.71957
0.0643861
-0.0997519
-0.0152981
-1.56012
0.790052
-0.14117
1.35295
1.48189
1.468
1.72111
0.0628521
-0.0997519
-0.0137641
-1.56012
0.80846
-0.139636
1.34221
1.47882
1.45266
1.71957
0.0643861
-0.0997519
-0.0152981
-1.56012
0.8238
-0.139636
1.333
1.47268
1.44038
1.71957
0.0628521
-0.0997519
-0.0152981
-1.56012
0.83914
-0.139636
1.32533
1.46655
1.42658
1.71957
0.0628521
-0.0997519
-0.0152981
-1.56012
0.84681
-0.139636
1.3146
1.45734
1.41431
1.71957
0.0628521
-0.0997519
-0.0152981
-1.56012
0.856014
-0.139636
1.30539
1.44814
1.4005
1.71957
0.0643861
-0.0997519
-0.0152981
-1.56012
0.86215
-0.139636
1.28698
1.4374
1.38209
1.71957
0.0643861
-0.0997519
-0.0152981
-1.56012
0.863684
-0.142704
1.2517
1.41746
1.35908
1.71957
0.0628521
-0.0997519
-0.0152981
-1.56012
0.863684
-0.150374
1.20568
1.39445
1.33914
1.71957
0.0628521
-0.0997519
-0.0137641
-1.56012
0.863684
-0.159578
1.15353
1.36684
1.3238
1.71957
0.0643861
-0.0997519
-0.0152981
-1.56012
0.86215
-0.168782
1.10444
1.34536
1.30386
1.71957
0.0628521
-0.0997519
-0.0152981
-1.56012
0.860616
-0.177986
1.05842
1.32542
1.29005
1.72111
0.0628521
-0.0997519
-0.0152981
-1.56012
0.857548
-0.184122
1.01547
1.30548
1.27931
1.71957
0.0628521
-0.0997519
-0.0137641
-1.56012
0.85448
-0.188724
0.977116
1.2794
1.27164
1.72111
0.0628521
-0.0997519
-0.0152981
-1.56012
0.852946
-0.193326
0.951038
1.25485
1.2563
1.71957
0.0628521
-0.0997519
-0.0152981
-1.56012
0.852946
-0.19486
0.934164
1.22571
1.23943
1.72111
0.0628521
-0.0997519
-0.0152981
-1.56012
0.852946
-0.197928
0.923426
1.2027
1.22256
1.71957
0.0628521
-0.0997519
-0.0152981
-1.56012
0.852946
-0.200996
0.912688
1.17969
1.20722
1.71957
0.0628521
-0.0997519
-0.0152981
-1.56012
0.852946
-0.20253
0.90195
1.15514
1.19034
1.71957
0.0628521
-0.0997519
-0.0152981
-1.56012
0.852946
-0.204064
0.891212
1.12907
1.1704
1.71957
0.0643861
-0.0997519
-0.0137641
-1.56012
0.85448
-0.207132
0.87894
1.09839
1.15199
1.71957
0.0628521
-0.0997519
-0.0152981
-1.56012
0.85448
-0.2102
0.866668
1.06617
1.13205
1.71957
0.0628521
-0.0997519
-0.0137641
-1.56012
0.852946
-0.213268
0.852862
1.02936
1.11364
1.71957
0.0628521
-0.0997519
-0.0152981
-1.56012
0.85448
-0.216336
0.835988
0.997142
1.0937
1.71957
0.0628521
-0.0997519
-0.0152981
-1.56012
0.85448
-0.21787
0.81758
0.960326
1.07376
1.71957
0.0628521
-0.0997519
-0.0152981
-1.56012
0.85448
-0.220938
0.799172
0.929646
1.04921
1.71957
0.0628521
-0.0997519
-0.0152981
-1.56012
0.852946
-0.222472
0.77156
0.897432
1.02467
1.71957
0.0628521
-0.0997519
-0.0152981
-1.56012
0.852946
-0.22554
0.743948
0.86982
0.992456
1.71957
0.0628521
-0.0997519
-0.0152981
-1.56012
0.85448
-0.227074
0.711734
0.842208
0.96331
1.71957
0.0628521
-0.0997519
-0.0152981
-1.56012
0.852946
-0.228608
0.676452
0.813062
0.935698
1.71957
0.0628521
-0.0997519
-0.0152981
-1.56012
0.85448
-0.230142
0.639636
0.788518
0.914222
1.71957
0.0628521
-0.0997519
-0.0137641
-1.56012
0.852946
-0.231676
0.598218
0.76244
0.895814
1.71957
0.0628521
-0.0997519
-0.0152981
-1.56012
0.852946
-0.23321
0.559868
0.73943
0.874338
1.71957
0.0628521
-0.0997519
-0.0137641
-1.56012
0.85448
-0.234744
0.524586
0.71642
0.854396
1.71957
0.0628521
-0.0997519
-0.0152981
-1.56012
0.85448
-0.236278
0.490838
0.696478
0.843658
1.71957
0.0628521
-0.0997519
-0.0137641
-1.56012
0.85448
-0.237812
0.45709
0.676536
0.84059
1.72111
0.0628521
-0.0997519
-0.0152981
-1.56012
0.85448
-0.239346
0.431012
0.659662
0.835988
1.71957
0.0628521
-0.0997519
-0.0152981
-1.56012
0.85448
-0.242414
0.404934
0.642788
0.83292
1.71957
0.0628521
-0.0997519
-0.0152981
-1.56012
0.85448
-0.243948
0.386526
0.625914
0.826784
1.71957
0.0628521
-0.0997519
-0.0137641
-1.56012
0.85448
-0.247016
0.371186
0.60904
0.819114
1.71957
0.0628521
-0.0997519
-0.0152981
-1.56012
0.85448
-0.250084
0.35738
0.592166
0.808376
1.71957
0.0628521
-0.0997519
-0.0137641
-1.56012
0.856014
-0.254686
0.34204
0.576826
0.799172
1.71957
0.0628521
-0.0997519
-0.0152981
-1.56012
0.86215
-0.259288
0.3267
0.564554
0.788434
1.72111
0.0628521
-0.0997519
-0.0152981
-1.56012
0.866752
-0.262356
0.309826
0.549214
0.777696
1.71957
0.0628521
-0.0997519
-0.0152981
-1.56012
0.871354
-0.265424
0.292952
0.533874
0.766958
1.71957
0.0628521
-0.0997519
-0.0137641
-1.56012
0.87749
-0.266958
0.277612
0.518534
0.751618
1.72111
0.0628521
-0.0997519
-0.0152981
-1.56012
0.883626
-0.268492
0.262272
0.500126
0.742414
1.72111
0.0628521
-0.0997519
-0.0152981
-1.56012
0.888228
-0.268492
0.245398
0.483252
0.739346
1.71957
0.0628521
-0.0997519
-0.0152981
-1.56012
0.89283
-0.27156
0.22699
0.464844
0.739346
1.71957
0.0628521
-0.0997519
-0.0152981
-1.56012
0.897432
-0.27156
0.213184
0.44797
0.739346
1.71957
0.0628521
-0.0997519
-0.0137641
-1.56012
0.9005
-0.27156
0.202446
0.43263
0.739346
1.71957
0.0628521
-0.0997519
-0.0152981
-1.56012
0.905102
-0.273094
0.190174
0.415756
0.739346
1.72111
0.0628521
-0.0997519
-0.0152981
-1.56012
0.911238
-0.273094
0.182504
0.40195
0.739346
1.71957
0.0628521
-0.0997519
-0.0152981
-1.56012
0.918908
-0.273094
0.170232
0.38661
0.739346
1.72111
0.0628521
-0.0997519
-0.0152981
-1.56012
0.926578
-0.274628
0.162562
0.372804
0.737812
1.72111
0.0628521
-0.0997519
-0.0152981
-1.56012
0.932714
-0.274628
0.153358
0.357464
0.737812
1.72111
0.0613179
-0.0997519
-0.0152981
-1.56012
0.940384
-0.276162
0.144154
0.343658
0.737812
1.71957
0.0628521
-0.0997519
-0.0152981
-1.56012
0.94652
-0.277696
0.13495
0.331386
0.736278
1.71957
0.0628521
-0.0997519
-0.0152981
-1.56012
0.95419
-0.280764
0.130348
0.322182
0.737812
1.72111
0.0628521
-0.0997519
-0.0152981
-1.56012
0.963394
-0.283832
0.12728
0.319114
0.736278
1.72111
0.0628521
-0.0997519
-0.0152981
-1.56012
0.972598
-0.288434
0.12728
0.31758
0.734744
1.72111
0.0628521
-0.0997519
-0.0152981
-1.56012
0.983336
-0.293036
0.124212
0.316046
0.728608
1.72111
0.0628521
-0.0997519
-0.0152981
-1.56012
0.998676
-0.299172
0.124212
0.312978
0.724006
1.72111
0.0628521
-0.0997519
-0.0152981
-1.56012
1.01862
-0.308376
0.124212
0.311444
0.714802
1.71957
0.0628521
-0.0997519
-0.0152981
-1.56012
1.04163
-0.31758
0.124212
0.30991
0.707132
1.71957
0.0628521
-0.0997519
-0.0152981
-1.56012
1.06157
-0.326784
0.122678
0.30991
0.696394
1.71957
0.0628521
-0.0997519
-0.0152981
-1.56012
1.08305
-0.33292
0.124212
0.30991
0.685656
1.71957
0.0628521
-0.0997519
-0.0152981
-1.56012
1.09839
-0.337522
0.124212
0.30991
0.676452
1.72111
0.0628521
-0.0997519
-0.0137641
-1.56012
1.10912
-0.339056
0.122678
0.30991
0.662646
1.71957
0.0628521
-0.0997519
-0.0152981
-1.56012
1.11833
-0.343658
0.124212
0.30991
0.651908
1.72111
0.0628521
-0.0997519
-0.0152981
-1.56012
1.12907
-0.345192
0.122678
0.30991
0.647306
1.72111
0.0628521
-0.0997519
-0.0152981
-1.56012
1.1398
-0.346726
0.124212
0.30991
0.645772
1.71957
0.0628521
-0.0997519
-0.0152981
-1.56012
1.14901
-0.345192
0.122678
0.30991
0.647306
1.72111
0.0613179
-0.0997519
-0.0152981
-1.56012
1.16435
-0.346726
0.122678
0.30991
0.645772
1.72111
0.0628521
-0.0997519
-0.0152981
-1.56012
1.18429
-0.34826
0.124212
0.30991
0.645772
1.71957
0.0628521
-0.0997519
-0.0152981
-1.56012
1.2073
-0.351328
0.124212
0.311444
0.645772
1.71957
0.0628521
-0.0997519
-0.0152981
-1.56012
1.22724
-0.351328
0.124212
0.30991
0.645772
1.71957
0.0643861
-0.0997519
-0.0152981
-1.56012
1.24565
-0.351328
0.124212
0.30991
0.645772
1.71957
0.0628521
-0.0997519
-0.0137641
-1.56012
1.26406
-0.346726
0.125746
0.30991
0.644238
1.71957
0.0628521
-0.0997519
-0.0152981
-1.56012
1.27633
-0.342124
0.130348
0.30991
0.645772
1.71957
0.0628521
-0.0997519
-0.0137641
-1.56012
1.2886
-0.335988
0.133416
0.30991
0.644238
1.71957
0.0628521
-0.0997519
-0.0137641
-1.56012
1.29627
-0.331386
0.133416
0.30991
0.645772
1.71957
0.0628521
-0.0997519
-0.0152981
-1.56012
1.30394
-0.326784
0.133416
0.30991
0.645772
1.71957
0.0628521
-0.0997519
-0.0152981
-1.56012
1.31161
-0.32525
0.133416
0.30991
0.645772
1.71957
0.0628521
-0.0997519
-0.0152981
-1.56012
1.32235
-0.323716
0.133416
0.30991
0.645772
1.71957
0.0628521
-0.0997519
-0.0137641
-1.56012
1.33155
-0.322182
0.133416
0.30991
0.645772
1.71957
0.0628521
-0.0997519
-0.0152981
-1.56012
1.34229
-0.319114
0.133416
0.30991
0.645772
1.71957
0.0628521
-0.0997519
-0.0152981
-1.56012
1.3515
-0.316046
0.131882
0.30991
0.645772
1.72111
0.0628521
-0.0997519
-0.0152981
-1.56012
1.3653
-0.312978
0.131882
0.30991
0.645772
1.71957
0.0628521
-0.0997519
-0.0152981
-1.56012
1.38371
-0.30991
0.131882
0.311444
0.645772
1.71957
0.0628521
-0.0997519
-0.0137641
-1.56012
1.39598
-0.306842
0.131882
0.308376
0.645772
1.71957
0.0628521
-0.0997519
-0.0152981
-1.56012
1.40825
-0.305308
0.12728
0.306842
0.645772
1.71957
0.0628521
-0.0997519
-0.0152981
-1.56012
1.41899
-0.303774
0.12728
0.306842
0.645772
1.71957
0.0613179
-0.0997519
-0.0152981
-1.56012
1.43126
-0.299172
0.12728
0.30224
0.644238
1.71957
0.0628521
-0.0997519
-0.0137641
-1.56012
1.4374
-0.296104
0.12728
0.299172
0.644238
1.71804
0.0628521
-0.0997519
-0.0137641
-1.56012
1.44354
-0.29457
0.12728
0.297638
0.644238
1.71804
0.0628521
-0.0997519
-0.0152981
-1.56012
1.4466
-0.293036
0.12728
0.296104
0.644238
1.71804
0.0628521
-0.0997519
-0.0152981
-1.56012
1.44967
-0.293036
0.12728
0.29457
0.644238
1.71804
0.0628521
-0.0997519
-0.0137641
-1.56012
1.45274
-0.291502
0.12728
0.29457
0.644238
1.71804
0.0628521
-0.0997519
-0.0152981
-1.56012
1.45581
-0.291502
0.12728
0.289968
0.644238
1.71804
0.0628521
-0.0997519
-0.0152981
-1.56012
1.46041
-0.289968
0.125746
0.288434
0.644238
1.71804
0.0628521
-0.0997519
-0.0152981
-1.56012
1.46501
-0.2869
0.122678
0.285366
0.639636
1.71804
0.0628521
-0.0997519
-0.0152981
-1.56012
1.47115
-0.283832
0.122678
0.280764
0.627364
1.71804
0.0628521
-0.0997519
-0.0152981
-1.56012
1.47575
-0.280764
0.121144
0.276162
0.622762
1.71804
0.0628521
-0.0997519
-0.0152981
-1.56012
1.48342
-0.27923
0.122678
0.27156
0.61816
1.71804
0.0628521
-0.0997519
-0.0152981
-1.56012
1.48802
-0.277696
0.122678
0.266958
0.615092
1.71804
0.0628521
-0.0997519
-0.0152981
-1.56012
1.49416
-0.27923
0.122678
0.259288
0.613558
1.71804
0.0628521
-0.0997519
-0.0152981
-1.56012
1.49569
-0.27923
0.121144
0.253152
0.613558
1.71804
0.0628521
-0.0997519
-0.0152981
-1.56012
1.49723
-0.27923
0.121144
0.247016
0.613558
1.71804
0.0628521
-0.0997519
-0.0152981
-1.56012
1.49723
-0.277696
0.122678
0.24088
0.615092
1.71804
0.0628521
-0.0997519
-0.0137641
-1.56012
1.49723
-0.273094
0.122678
0.237812
0.615092
1.71804
0.0628521
-0.0997519
-0.0152981
-1.56012
1.49723
-0.268492
0.122678
0.23321
0.615092
1.7165
0.0628521
-0.0997519
-0.0137641
-1.56012
1.49876
-0.26389
0.121144
0.227074
0.615092
1.71804
0.0628521
-0.0997519
-0.0152981
-1.56012
1.50029
-0.260822
0.122678
0.222472
0.613558
1.71804
0.0628521
-0.0997519
-0.0137641
-1.56012
1.50183
-0.25622
0.121144
0.214802
0.608956
1.71804
0.0613179
-0.0997519
-0.0152981
-1.56012
1.50643
-0.253152
0.121144
0.2102
0.604354
1.7165
0.0628521
-0.0997519
-0.0152981
-1.56012
1.50796
-0.24855
0.121144
0.205598
0.60282
1.71804
0.0628521
-0.0997519
-0.0152981
-1.56012
1.51103
-0.243948
0.121144
0.200996
0.604354
1.71804
0.0628521
-0.0997519
-0.0152981
-1.56012
1.51103
-0.239346
0.121144
0.196394
0.604354
1.71804
0.0628521
-0.0997519
-0.0152981
-1.56012
1.51257
-0.236278
0.121144
0.191792
0.604354
1.71804
0.0628521
-0.0997519
-0.0152981
-1.56012
1.51257
-0.231676
0.121144
0.188724
0.604354
1.71804
0.0628521
-0.0997519
-0.0137641
-1.56012
1.5141
-0.227074
0.121144
0.182588
0.605888
1.71804
0.0628521
-0.0997519
-0.0152981
-1.56012
1.51717
-0.224006
0.121144
0.176452
0.605888
1.71804
0.0628521
-0.0997519
-0.0152981
-1.56012
1.5187
-0.222472
0.121144
0.170316
0.605888
1.71804
0.0628521
-0.0997519
-0.0152981
-1.56012
1.52024
-0.222472
0.121144
0.165714
0.605888
1.71804
0.0613179
-0.0997519
-0.0152981
-1.56012
1.5233
-0.220938
0.121144
0.161112
0.605888
1.71804
0.0628521
-0.0997519
-0.0152981
-1.56012
1.52484
-0.219404
0.121144
0.154976
0.605888
1.71804
0.0628521
-0.0997519
-0.0152981
-1.56012
1.52637
-0.219404
0.121144
0.150374
0.608956
1.71804
0.0628521
-0.0997519
-0.0152981
-1.56012
1.52637
-0.21787
0.121144
0.145772
0.61049
1.71804
0.0613179
-0.0997519
-0.0137641
-1.56012
1.52637
-0.214802
0.121144
0.142704
0.615092
1.71804
0.0628521
-0.0997519
-0.0152981
-1.56012
1.52637
-0.211734
0.121144
0.138102
0.61816
1.71804
0.0628521
-0.0997519
-0.0152981
-1.56012
1.52791
-0.2102
0.121144
0.1335
0.621228
1.71804
0.0628521
-0.0997519
-0.0152981
-1.56012
1.52791
-0.207132
0.121144
0.130432
0.622762
1.71804
0.0613179
-0.0997519
-0.0152981
-1.56012
1.53097
-0.207132
0.121144
0.124296
0.624296
1.71804
0.0628521
-0.0997519
-0.0152981
-1.56012
1.53251
-0.205598
0.121144
0.119694
0.627364
1.71804
0.0628521
-0.0997519
-0.0152981
-1.56012
1.53404
-0.205598
0.121144
0.115092
0.630432
1.71804
0.0628521
-0.0997519
-0.0152981
-1.56012
1.53404
-0.204064
0.121144
0.11049
0.635034
1.71804
0.0628521
-0.0997519
-0.0152981
-1.56012
1.53404
-0.204064
0.121144
0.105888
0.64117
1.71804
0.0628521
-0.0997519
-0.0152981
-1.56012
1.53404
-0.204064
0.121144
0.101286
0.653442
1.71804
0.0628521
-0.0997519
-0.0152981
-1.56012
1.53558
-0.204064
0.121144
0.096684
0.667248
1.71804
0.0628521
-0.0997519
-0.0152981
-1.56012
1.53404
-0.204064
0.121144
0.093616
0.68719
1.71804
0.0628521
-0.0997519
-0.0152981
-1.56012
1.53404
-0.204064
0.122678
0.090548
0.711734
1.71804
0.0628521
-0.0997519
-0.0137641
-1.56012
1.53404
-0.204064
0.124212
0.0874801
0.743948
1.71804
0.0628521
-0.0997519
-0.0152981
-1.56012
1.53404
-0.200996
0.12728
0.0844119
0.777696
1.71804
0.0628521
-0.0997519
-0.0152981
-1.56012
1.53404
-0.197928
0.128814
0.0813439
0.800706
1.71804
0.0628521
-0.0997519
-0.0152981
-1.56012
1.53404
-0.196394
0.130348
0.0798099
0.826784
1.71804
0.0628521
-0.0997519
-0.0137641
-1.56012
1.53404
-0.19486
0.131882
0.0767419
0.84826
1.71804
0.0628521
-0.0997519
-0.0152981
-1.56012
1.53404
-0.193326
0.131882
0.073674
0.865134
1.71804
0.0628521
-0.0997519
-0.0152981
-1.56012
1.53404
-0.191792
0.133416
0.07214
0.872804
1.71804
0.0628521
-0.0997519
-0.0152981
-1.56012
1.53404
-0.190258
0.13495
0.069072
0.885076
1.71804
0.0628521
-0.0997519
-0.0152981
-1.56012
1.53404
-0.188724
0.138018
0.067538
0.895814
1.71804
0.0628521
-0.0997519
-0.0152981
-1.56012
1.53404
-0.185656
0.139552
0.0644701
0.923426
1.71804
0.0628521
-0.0997519
-0.0152981
-1.56012
1.53404
-0.182588
0.139552
0.0614018
0.97098
1.71804
0.0628521
-0.0997519
-0.0152981
-1.56012
1.53404
-0.181054
0.139552
0.0567999
1.02007
1.71804
0.0628521
-0.0997519
-0.0152981
-1.56012
1.53404
-0.181054
0.139552
0.0506639
1.08756
1.71804
0.0628521
-0.0997519
-0.0137641
-1.56012
1.53404
-0.17952
0.139552
0.046062
1.15046
1.71804
0.0628521
-0.0997519
-0.0152981
-1.56012
1.53404
-0.181054
0.141086
0.04146
1.20875
1.71804
0.0628521
-0.0997519
-0.0152981
-1.56012
1.53404
-0.181054
0.141086
0.0368581
1.2517
1.71804
0.0613179
-0.0997519
-0.0137641
-1.56012
1.53404
-0.184122
0.141086
0.0353239
1.30232
1.71804
0.0628521
-0.0997519
-0.0152981
-1.56012
1.53404
-0.185656
0.141086
0.0337899
1.34374
1.71804
0.0628521
-0.0997519
-0.0152981
-1.56012
1.53404
-0.18719
0.141086
0.0322559
1.36829
1.71804
0.0628521
-0.0997519
-0.0152981
-1.56012
1.53404
-0.188724
0.141086
0.0322559
1.37596
1.71804
0.0628521
-0.0997519
-0.0152981
-1.56012
1.53404
-0.188724
0.141086
0.0322559
1.38056
1.71804
0.0628521
-0.0997519
-0.0152981
-1.56012
1.53404
-0.188724
0.141086
0.0322559
1.38823
1.71804
0.0628521
-0.0997519
-0.0152981
-1.56012
1.53404
-0.18719
0.141086
0.0322559
1.3959
1.71804
0.0628521
-0.0997519
-0.0137641
-1.56012
1.53404
-0.185656
0.14262
0.0322559
1.40817
1.71804
0.0628521
-0.0997519
-0.0152981
-1.56012
1.53404
-0.182588
0.14262
0.0322559
1.41431
1.71804
0.0628521
-0.0997519
-0.0152981
-1.56012
1.53404
-0.181054
0.14262
0.0322559
1.42198
1.71804
0.0628521
-0.0997519
-0.0152981
-1.56012
1.53404
-0.17952
0.14262
0.0322559
1.42811
1.71804
0.0628521
-0.0997519
-0.0137641
-1.56012
1.53404
-0.177986
0.14262
0.0322559
1.43885
1.71804
0.0628521
-0.0997519
-0.0152981
-1.56012
1.53404
-0.177986
0.144154
0.0322559
1.45879
1.71804
0.0628521
-0.0997519
-0.0152981
-1.56012
1.53404
-0.177986
0.144154
0.0322559
1.4818
1.71804
0.0628521
-0.0997519
-0.0152981
-1.56012
1.53404
-0.176452
0.144154
0.0322559
1.50635
1.71804
0.0628521
-0.0997519
-0.0152981
-1.56012
1.53404
-0.17185
0.144154
0.0322559
1.51708
1.71804
0.0628521
-0.0997519
-0.0137641
-1.56012
1.53404
-0.170316
0.144154
0.0322559
1.51708
1.71804
0.0628521
-0.0997519
-0.0152981
-1.56012
1.53404
-0.167248
0.144154
0.0322559
1.51708
1.71804
0.0628521
-0.0997519
-0.0152981
-1.56012
1.53404
-0.165714
0.144154
0.0322559
1.51708
1.71804
0.0628521
-0.0997519
-0.0152981
-1.56012
1.53404
-0.16418
0.144154
0.0322559
1.51708
1.71804
0.0628521
-0.0997519
-0.0152981
-1.56012
1.53404
-0.162646
0.144154
0.0322559
1.51708
1.71804
0.0628521
-0.0997519
-0.0137641
-1.56012
1.53404
-0.161112
0.144154
0.0322559
1.51708
1.71804
0.0613179
-0.0997519
-0.0137641
-1.56012
1.53404
-0.161112
0.144154
0.0322559
1.51708
1.71804
0.0628521
-0.0997519
-0.0152981
-1.56012
1.53404
-0.161112
0.144154
0.0322559
1.51708
1.71804
0.0628521
-0.0997519
-0.0152981
-1.56012
1.53558
-0.161112
0.144154
0.0322559
1.51708
1.71804
0.0628521
-0.0997519
-0.0152981
-1.56012
1.53558
-0.161112
0.144154
0.0322559
1.51708
1.71804
0.0628521
-0.0997519
-0.0152981
-1.56012
1.53711
-0.161112
0.144154
0.0322559
1.51708
1.71804
0.0613179
-0.0997519
-0.0152981
-1.56012
1.53864
-0.161112
0.144154
0.0322559
1.51708
1.71804
0.0628521
-0.0997519
-0.0137641
-1.56012
1.53864
-0.161112
0.144154
0.0322559
1.51708
1.71804
0.0628521
-0.0997519
-0.0152981
-1.56012
1.54018
-0.161112
0.144154
0.0322559
1.51708
1.71804
0.0628521
-0.0997519
-0.0152981
-1.56012
1.54018
-0.161112
0.144154
0.0322559
1.51708
1.71804
0.0628521
-0.0997519
-0.0152981
-1.56012
1.54171
-0.161112
0.144154
0.0322559
1.51708
1.71804
0.0628521
-0.0997519
-0.0152981
-1.56012
1.54325
-0.161112
0.144154
0.0322559
1.51708
1.71804
0.0628521
-0.0997519
-0.0152981
-1.56012
1.54325
-0.161112
0.144154
0.0322559
1.51708
1.71804
0.0628521
-0.0997519
-0.0152981
-1.56012
1.54478
-0.162646
0.144154
0.0322559
1.51708
1.71804
0.0628521
-0.0997519
-0.0152981
-1.56012
1.54478
-0.16418
0.144154
0.0322559
1.51708
1.7165
0.0628521
-0.0997519
-0.0152981
-1.56012
1.54478
-0.162646
0.14262
0.0322559
1.51555
1.71804
0.0628521
-0.0997519
-0.0152981
-1.56012
1.54631
-0.16418
0.141086
0.0322559
1.51248
1.71804
0.0628521
-0.0997519
-0.0152981
-1.56012
1.54478
-0.16418
0.141086
0.0322559
1.50941
1.71804
0.0628521
-0.0997519
-0.0152981
-1.56012
1.54478
-0.165714
0.141086
0.0322559
1.50941
1.71804
0.0628521
-0.0997519
-0.0152981
-1.56012
1.54478
-0.165714
0.141086
0.0322559
1.50788
1.71804
0.0628521
-0.0997519
-0.0137641
-1.56012
1.54478
-0.165714
0.141086
0.0322559
1.50788
1.71804
0.0628521
-0.0997519
-0.0152981
-1.56012
1.54478
-0.165714
0.141086
0.0322559
1.50788
1.71804
0.0628521
-0.0997519
-0.0152981
-1.56012
1.54478
-0.165714
0.141086
0.0322559
1.50635
1.71804
0.0628521
-0.0997519
-0.0152981
-1.56012
1.54478
-0.165714
0.141086
0.0322559
1.50328
1.71804
0.0628521
-0.0997519
-0.0152981
-1.56012
1.54478
-0.165714
0.141086
0.0322559
1.49868
1.71804
0.0628521
-0.0997519
-0.0152981
-1.56012
1.54631
-0.165714
0.141086
0.0322559
1.49561
1.71804
0.0628521
-0.101286
-0.0137641
-1.56012
1.54631
-0.165714
0.141086
0.0322559
1.49407
1.71804
0.0628521
-0.0997519
-0.0137641
-1.56012
1.54631
-0.165714
0.141086
0.0322559
1.49407
1.71804
0.0628521
-0.101286
-0.0152981
-1.56012
1.54478
-0.165714
0.141086
0.0322559
1.49254
1.71804
0.0628521
-0.0997519
-0.0152981
-1.56012
1.54631
-0.165714
0.141086
0.0322559
1.49254
1.71804
0.0628521
-0.0997519
-0.0152981
-1.56012
1.54631
-0.167248
0.141086
0.0322559
1.49254
1.71804
0.0628521
-0.0997519
-0.0152981
-1.56012
1.54478
-0.167248
0.141086
0.0322559
1.49254
1.71804
0.0628521
-0.0997519
-0.0137641
-1.56012
1.54631
-0.167248
0.141086
0.0322559
1.49254
1.71804
0.0628521
-0.0997519
-0.0152981
-1.56012
1.54478
-0.167248
0.141086
0.0322559
1.49101
1.71804
0.0628521
-0.0997519
-0.0152981
-1.56012
1.54478
-0.167248
0.141086
0.0322559
1.49254
1.71804
0.0628521
-0.0997519
-0.0152981
-1.56012
1.54478
-0.167248
0.141086
0.0322559
1.49254
1.71804
0.0628521
-0.0997519
-0.0152981
-1.56012
1.54478
-0.167248
0.141086
0.0322559
1.49101
1.71804
0.0628521
-0.0997519
-0.0152981
-1.56012
1.54478
-0.167248
0.141086
0.0322559
1.49254
1.71804
0.0628521
-0.0997519
-0.0152981
-1.56012
1.54478
-0.168782
0.141086
0.0322559
1.49101
1.71804
0.0628521
-0.0997519
-0.0152981
-1.56012
1.54478
-0.168782
0.141086
0.0322559
1.49254
1.71804
0.0628521
-0.0997519
-0.0152981
-1.56012
1.54478
-0.168782
0.141086
0.0322559
1.49254
1.71804
0.0628521
-0.0997519
-0.0152981
-1.56012
1.54478
-0.170316
0.141086
0.0322559
1.49254
1.71804
0.0628521
-0.0997519
-0.0152981
-1.56012
1.54478
-0.170316
0.141086
0.0322559
1.49101
1.71804
0.0628521
-0.0997519
-0.0152981
-1.56012
1.54478
-0.170316
0.141086
0.0322559
1.49254
1.71804
0.0628521
-0.0997519
-0.0152981
-1.56012
1.54478
-0.170316
0.141086
0.0322559
1.49101
1.71804
0.0628521
-0.0997519
-0.0152981
-1.56012
1.54478
-0.17185
0.141086
0.0322559
1.49101
1.71804
0.0628521
-0.101286
-0.0152981
-1.56012
1.54478
-0.17185
0.141086
0.0322559
1.49101
1.71804
0.0628521
-0.101286
-0.0152981
-1.56012
1.54478
-0.17185
0.141086
0.0322559
1.49101
1.71804
0.0628521
-0.0997519
-0.0152981
-1.56012
1.54478
-0.173384
0.141086
0.0322559
1.49101
1.71804
0.0628521
-0.0997519
-0.0152981
-1.56012
1.54478
-0.173384
0.141086
0.0322559
1.48947
1.71804
0.0628521
-0.0997519
-0.0152981
-1.56012
1.54478
-0.174918
0.139552
0.0322559
1.48947
1.71804
0.0628521
-0.0997519
-0.0137641
-1.56012
1.54478
-0.174918
0.141086
0.0322559
1.48947
1.71804
0.0628521
-0.0997519
-0.0152981
-1.56012
1.54478
-0.174918
0.141086
0.0322559
1.48947
1.71804
0.0628521
-0.0997519
-0.0152981
-1.56012
1.54478
-0.174918
0.141086
0.0322559
1.48947
1.71804
0.0628521
-0.0997519
-0.0152981
-1.56012
1.54478
-0.176452
0.139552
0.0322559
1.48947
1.71804
0.0628521
-0.0997519
-0.0137641
-1.56012
1.54478
-0.176452
0.141086
0.0322559
1.48947
1.71804
0.0628521
-0.0997519
-0.0137641
-1.56012
1.54631
-0.176452
0.139552
0.0322559
1.48947
1.7165
0.0628521
-0.0997519
-0.0152981
-1.56012
1.54478
-0.176452
0.139552
0.0322559
1.48947
1.71804
0.0628521
-0.0997519
-0.0152981
-1.56012
1.54631
-0.176452
0.139552
0.0322559
1.48794
1.71804
0.0628521
-0.0997519
-0.0152981
-1.56012
1.54478
-0.176452
0.139552
0.0322559
1.48794
1.71804
0.0628521
-0.0997519
-0.0137641
-1.56012
1.54478
-0.176452
0.138018
0.0322559
1.48794
1.71804
0.0628521
-0.0997519
-0.0152981
-1.56012
1.54478
-0.176452
0.138018
0.0322559
1.48794
1.71804
0.0628521
-0.0997519
-0.0152981
-1.56012
1.54478
-0.174918
0.138018
0.0322559
1.48794
1.71804
0.0628521
-0.0997519
-0.0152981
-1.56012
1.54478
-0.174918
0.138018
0.0322559
1.48794
1.71804
0.0628521
-0.0997519
-0.0152981
-1.56012
1.54478
-0.174918
0.138018
0.0322559
1.48794
1.71804
0.0628521
-0.0997519
-0.0152981
-1.56012
1.54478
-0.174918
0.138018
0.0322559
1.48794
1.71804
0.0628521
-0.0997519
-0.0137641
-1.56012
1.54478
-0.174918
0.138018
0.0322559
1.48794
1.71804
0.0628521
-0.0997519
-0.0152981
-1.56012
1.54631
-0.174918
0.138018
0.0322559
1.48794
1.71804
0.0628521
-0.0997519
-0.0152981
-1.56012
1.54478
-0.174918
0.138018
0.0322559
1.48794
1.71804
0.0628521
-0.0997519
-0.0152981
-1.56012
1.54478
-0.176452
0.138018
0.0307219
1.48794
1.71804
0.0628521
-0.0997519
-0.0152981
-1.56012
1.54478
-0.176452
0.138018
0.0307219
1.48794
1.71804
0.0628521
-0.0997519
-0.0152981
-1.56012
1.54478
-0.176452
0.138018
0.0322559
1.48794
1.71804
0.0628521
-0.0997519
-0.0152981
-1.56012
1.54478
-0.176452
0.138018
0.0322559
1.48794
1.71804
0.0628521
-0.0997519
-0.0152981
-1.56012
1.54478
-0.176452
0.136484
0.0307219
1.48794
1.71804
0.0628521
-0.0997519
-0.0152981
-1.56012
1.54478
-0.176452
0.136484
0.0307219
1.48794
1.71804
0.0628521
-0.0997519
-0.0152981
-1.56012
1.54478
-0.176452
0.136484
0.0307219
1.48794
1.71804
0.0628521
-0.0997519
-0.0152981
-1.56012
1.54478
-0.177986
0.136484
0.0322559
1.48794
1.71804
0.0628521
-0.0997519
-0.0152981
-1.56012
1.54478
-0.177986
0.136484
0.0307219
1.48794
1.71804
0.0628521
-0.0997519
-0.0152981
-1.56012
1.54478
-0.177986
0.136484
0.0322559
1.48794
1.71804
0.0628521
-0.0997519
-0.0152981
-1.56012
1.54478
-0.177986
0.136484
0.0322559
1.48794
1.71804
0.0628521
-0.0997519
-0.0137641
-1.56012
1.54478
-0.17952
0.136484
0.0322559
1.4864
1.71804
0.0628521
-0.0997519
-0.0152981
-1.56012
1.54478
-0.17952
0.136484
0.0322559
1.48794
1.71804
0.0628521
-0.0997519
-0.0152981
-1.56012
1.54478
-0.17952
0.136484
0.0322559
1.48794
1.71804
0.0628521
-0.0997519
-0.0152981
-1.56012
1.54478
-0.17952
0.136484
0.0322559
1.48794
1.71804
0.0628521
-0.0997519
-0.0152981
-1.56012
1.54478
-0.181054
0.136484
0.0322559
1.48794
1.71804
0.0628521
-0.0997519
-0.0152981
-1.56012
1.54478
-0.181054
0.136484
0.0307219
1.4864
1.71804
0.0628521
-0.0997519
-0.0152981
-1.56012
1.54478
-0.181054
0.136484
0.0322559
1.48794
1.71804
0.0628521
-0.0997519
-0.0137641
-1.56012
1.54478
-0.181054
0.136484
0.0307219
1.48794
1.71804
0.0628521
-0.0997519
-0.0152981
-1.56012
1.54478
-0.181054
0.136484
0.0307219
1.48794
1.71804
0.0628521
-0.0997519
-0.0152981
-1.56012
1.54478
-0.181054
0.136484
0.0322559
1.48794
1.71804
0.0628521
-0.0997519
-0.0152981
-1.56012
1.54478
-0.181054
0.136484
0.0322559
1.48794
1.71804
0.0628521
-0.0997519
-0.0152981
-1.56012
1.54478
-0.181054
0.136484
0.0307219
1.48794
1.71804
0.0628521
-0.0997519
-0.0152981
-1.56012
1.54478
-0.181054
0.136484
0.0307219
1.4864
1.71804
0.0628521
-0.0997519
-0.0152981
-1.56012
1.54631
-0.181054
0.136484
0.0322559
1.48794
1.71804
0.0628521
-0.0997519
-0.0152981
-1.56012
1.54478
-0.182588
0.136484
0.0307219
1.48794
1.71804
0.0628521
-0.0997519
-0.0152981
-1.56012
1.54478
-0.182588
0.13495
0.0322559
1.48794
1.71804
0.0628521
-0.0997519
-0.0152981
-1.56012
1.54631
-0.182588
0.13495
0.0307219
1.48794
1.71804
0.0628521
-0.0997519
-0.0152981
-1.56012
1.54478
-0.182588
0.13495
0.0307219
1.48794
1.71804
0.0628521
-0.0997519
-0.0152981
-1.56012
1.54478
-0.182588
0.13495
0.0322559
1.4864
1.71804
0.0628521
-0.0997519
-0.0152981
-1.56012
1.54478
-0.181054
0.13495
0.0307219
1.48794
1.71804
0.0628521
-0.0997519
-0.0152981
-1.56012
1.54478
-0.182588
0.13495
0.0307219
1.4864
1.71804
0.0628521
-0.0997519
-0.0152981
-1.56012
1.54478
-0.182588
0.13495
0.0322559
1.4864
1.71804
0.0628521
-0.0997519
-0.0152981
-1.56012
1.54478
-0.181054
0.133416
0.0322559
1.4864
1.71804
0.0628521
-0.0997519
-0.0152981
-1.56012
1.54478
-0.181054
0.133416
0.0322559
1.4864
1.71804
0.0628521
-0.0997519
-0.0152981
-1.56012
1.54478
-0.181054
0.133416
0.0307219
1.4864
1.71804
0.0628521
-0.0997519
-0.0152981
-1.56012
1.54478
-0.182588
0.133416
0.0307219
1.4864
1.71804
0.0628521
-0.0997519
-0.0152981
-1.56012
1.54631
-0.181054
0.133416
0.0307219
1.4864
1.71804
0.0628521
-0.0997519
-0.0152981
-1.56012
1.54478
-0.181054
0.133416
0.0307219
1.4864
1.71804
0.0628521
-0.0997519
-0.0152981
-1.56012
1.54478
-0.181054
0.133416
0.0322559
1.4864
1.71804
0.0628521
-0.0997519
-0.0152981
-1.56012
1.54478
-0.181054
0.133416
0.0322559
1.4864
1.71804
0.0628521
-0.0997519
-0.0152981
-1.56012
1.54478
-0.181054
0.133416
0.0322559
1.4864
1.71804
0.0628521
-0.0997519
-0.0137641
-1.56012
1.54478
-0.17952
0.133416
0.0307219
1.4864
1.71804
0.0628521
-0.0997519
-0.0152981
-1.56012
1.54478
-0.181054
0.131882
0.0307219
1.4864
1.71804
0.0628521
-0.0997519
-0.0152981
-1.56012
1.54478
-0.181054
0.131882
0.0307219
1.4864
1.71804
0.0628521
-0.0997519
-0.0152981
-1.56012
1.54478
-0.181054
0.131882
0.0322559
1.48487
1.71804
0.0628521
-0.0997519
-0.0152981
-1.56012
1.54478
-0.17952
0.131882
0.0307219
1.48487
1.71804
0.0628521
-0.0997519
-0.0152981
-1.56012
1.54478
-0.17952
0.131882
0.0307219
1.48487
1.71804
0.0628521
-0.0997519
-0.0152981
-1.56012
1.54478
-0.17952
0.131882
0.0307219
1.4864
1.71804
0.0628521
-0.0997519
-0.0152981
-1.56012
1.54478
-0.17952
0.131882
0.0307219
1.4864
1.71804
0.0628521
-0.0997519
-0.0152981
-1.56012
1.54631
-0.17952
0.131882
0.0307219
1.48487
1.71804
0.0628521
-0.0997519
-0.0152981
-1.56012
1.54478
-0.181054
0.131882
0.0307219
1.48487
1.71804
0.0628521
-0.0997519
-0.0137641
-1.56012
1.54478
-0.181054
0.131882
0.0307219
1.48487
1.71804
0.0628521
-0.0997519
-0.0152981
-1.56012
1.54478
-0.181054
0.131882
0.0307219
1.4864
1.71804
0.0628521
-0.0997519
-0.0152981
-1.56012
1.54478
-0.181054
0.131882
0.0322559
1.4864
1.71804
0.0628521
-0.0997519
-0.0152981
-1.56012
1.54478
-0.181054
0.131882
0.0322559
1.4864
1.71804
0.0628521
-0.0997519
-0.0152981
-1.56012
1.54478
-0.181054
0.130348
0.0307219
1.48487
1.71804
0.0628521
-0.0997519
-0.0152981
-1.56012
1.54478
-0.181054
0.130348
0.0322559
1.48487
1.71804
0.0628521
-0.0997519
-0.0152981
-1.56012
1.54631
-0.182588
0.130348
0.0307219
1.48334
1.71804
0.0628521
-0.0997519
-0.0152981
-1.56012
1.54478
-0.182588
0.130348
0.0307219
1.4818
1.71804
0.0628521
-0.0997519
-0.0152981
-1.56012
1.54478
-0.184122
0.130348
0.0307219
1.48027
1.71804
0.0628521
-0.0997519
-0.0152981
-1.56012
1.54478
-0.184122
0.128814
0.0307219
1.47873
1.71804
0.0628521
-0.0997519
-0.0152981
-1.56012
1.54478
-0.184122
0.128814
0.0322559
1.47873
1.71804
0.0628521
-0.0997519
-0.0152981
-1.56012
1.54478
-0.184122
0.130348
0.0307219
1.4772
1.71804
0.0628521
-0.0997519
-0.0152981
-1.56012
1.54631
-0.184122
0.128814
0.0307219
1.4772
1.71804
0.0628521
-0.0997519
-0.0152981
-1.56012
1.54478
-0.184122
0.130348
0.0307219
1.4772
1.71804
0.0628521
-0.0997519
-0.0152981
-1.56012
1.54478
-0.184122
0.130348
0.0322559
1.4772
1.71804
0.0628521
-0.0997519
-0.0137641
-1.56012
1.54478
-0.184122
0.130348
0.0322559
1.4772
1.71804
0.0628521
-0.0997519
-0.0152981
-1.56012
1.54478
-0.184122
0.130348
0.0307219
1.4772
1.71804
0.0628521
-0.0997519
-0.0152981
-1.56012
1.54478
-0.184122
0.128814
0.0307219
1.4772
1.71804
0.0628521
-0.0997519
-0.0152981
-1.56012
1.54478
-0.184122
0.130348
0.0307219
1.4772
1.71804
0.0628521
-0.0997519
-0.0152981
-1.56012
1.54478
-0.184122
0.130348
0.0307219
1.4772
1.71804
0.0628521
-0.0997519
-0.0152981
-1.56012
1.54478
-0.184122
0.128814
0.0322559
1.4772
1.71804
0.0628521
-0.0997519
-0.0137641
-1.56012
1.54478
-0.184122
0.128814
0.0322559
1.4772
1.71804
0.0628521
-0.0997519
-0.0137641
-1.56012
1.54478
-0.184122
0.128814
0.0307219
1.4772
1.71804
0.0628521
-0.0997519
-0.0137641
-1.56012
1.54478
-0.185656
0.128814
0.0307219
1.4772
1.71804
0.0628521
-0.0997519
-0.0152981
-1.56012
1.54478
-0.185656
0.128814
0.0322559
1.4772
1.71804
0.0628521
-0.0997519
-0.0152981
-1.56012
1.54478
-0.185656
0.130348
0.0322559
1.4772
1.71804
0.0628521
-0.0997519
-0.0152981
-1.56012
1.54478
-0.185656
0.130348
0.0307219
1.4772
1.71804
0.0628521
-0.0997519
-0.0137641
-1.56012
1.54478
-0.18719
0.128814
0.0307219
1.4772
1.71804
0.0628521
-0.0997519
-0.0152981
-1.56012
1.54478
-0.185656
0.128814
0.0322559
1.4772
1.71804
0.0628521
-0.0997519
-0.0152981
-1.56012
1.54478
-0.185656
0.128814
0.0307219
1.4772
1.71804
0.0628521
-0.0997519
-0.0152981
-1.56012
1.54478
-0.18719
0.128814
0.0307219
1.4772
1.71804
0.0628521
-0.0997519
-0.0152981
-1.56012
1.54478
-0.18719
0.130348
0.0307219
1.4772
1.71804
0.0628521
-0.0997519
-0.0137641
-1.56012
1.54478
-0.185656
0.128814
0.0307219
1.4772
1.71804
0.0628521
-0.0997519
-0.0152981
-1.56012
1.54478
-0.185656
0.128814
0.0322559
1.4772
1.71804
0.0628521
-0.0997519
-0.0152981
-1.56012
1.54478
-0.185656
0.128814
0.0322559
1.4772
1.71804
0.0628521
-0.0997519
-0.0137641
-1.56012
1.54478
-0.185656
0.128814
0.0307219
1.4772
1.71804
0.0628521
-0.0997519
-0.0152981
-1.56012
1.54478
-0.185656
0.128814
0.0307219
1.4772
1.71804
0.0628521
-0.0997519
-0.0152981
-1.56012
1.54325
-0.185656
0.128814
0.0322559
1.4772
1.71804
0.0628521
-0.0997519
-0.0152981
-1.56012
1.54325
-0.185656
0.128814
0.0307219
1.4772
1.71804
0.0628521
-0.0997519
-0.0152981
-1.56012
1.54325
-0.185656
0.128814
0.0322559
1.4772
1.71804
0.0628521
-0.0997519
-0.0152981
-1.56012
1.54325
-0.185656
0.128814
0.0307219
1.4772
1.71804
0.0643861
-0.0997519
-0.0152981
-1.56012
1.54325
-0.185656
0.128814
0.0322559
1.4772
1.71804
0.0628521
-0.0997519
-0.0152981
-1.56012
1.54325
-0.185656
0.128814
0.0307219
1.4772
1.71804
0.0628521
-0.0997519
-0.0137641
-1.56012
1.54325
-0.185656
0.128814
0.0307219
1.4772
1.71804
0.0628521
-0.0997519
-0.0137641
-1.56012
1.54325
-0.184122
0.128814
0.0322559
1.4772
1.71804
0.0628521
-0.0997519
-0.0152981
-1.56012
1.54325
-0.184122
0.128814
0.0307219
1.47567
1.71804
0.0628521
-0.0997519
-0.0152981
-1.56012
1.54325
-0.184122
0.128814
0.0307219
1.47567
1.71804
0.0628521
-0.0997519
-0.0137641
-1.56012
1.54325
-0.184122
0.128814
0.0322559
1.47567
1.71804
0.0628521
-0.0997519
-0.0152981
-1.56012
1.54325
-0.182588
0.128814
0.0307219
1.47567
1.71804
0.0628521
-0.0997519
-0.0152981
-1.56012
1.54325
-0.184122
0.128814
0.0322559
1.47567
1.71804
0.0628521
-0.0997519
-0.0152981
-1.56012
1.54325
-0.182588
0.128814
0.0322559
1.47567
1.71804
0.0628521
-0.0997519
-0.0152981
-1.56012
1.54325
-0.182588
0.128814
0.0322559
1.47567
1.71804
0.0628521
-0.0997519
-0.0137641
-1.56012
1.54325
-0.181054
0.128814
0.0322559
1.47567
1.71804
0.0628521
-0.0997519
-0.0152981
-1.56012
1.54325
-0.17952
0.128814
0.0322559
1.47567
1.71804
0.0628521
-0.0997519
-0.0137641
-1.56012
1.54325
-0.17952
0.128814
0.0322559
1.47567
1.71804
0.0628521
-0.0997519
-0.0152981
-1.56012
1.54325
-0.177986
0.128814
0.0307219
1.47567
1.71804
0.0628521
-0.0997519
-0.0152981
-1.56012
1.54325
-0.177986
0.128814
0.0322559
1.47567
1.71804
0.0628521
-0.0997519
-0.0152981
-1.56012
1.54325
-0.177986
0.128814
0.0322559
1.47567
1.71804
0.0628521
-0.0997519
-0.0137641
-1.56012
1.54325
-0.177986
0.128814
0.0322559
1.47567
1.71804
0.0628521
-0.0997519
-0.0152981
-1.56012
1.54325
-0.177986
0.128814
0.0307219
1.47567
1.71804
0.0628521
-0.0997519
-0.0152981
-1.56012
1.54325
-0.177986
0.128814
0.0322559
1.47567
1.71804
0.0628521
-0.0997519
-0.0137641
-1.56012
1.54325
-0.177986
0.128814
0.0322559
1.47567
1.71804
0.0628521
-0.0997519
-0.0152981
-1.56012
1.54325
-0.177986
0.128814
0.0322559
1.47567
1.71804
0.0628521
-0.0997519
-0.0152981
-1.56012
1.54325
-0.177986
0.128814
0.0322559
1.47413
1.71804
0.0628521
-0.0997519
-0.0152981
-1.56012
1.54325
-0.177986
0.128814
0.0322559
1.47413
1.71804
0.0628521
-0.0997519
-0.0152981
-1.56012
1.54325
-0.177986
0.128814
0.0322559
1.4726
1.71804
0.0628521
-0.0997519
-0.0152981
-1.56012
1.54325
-0.177986
0.128814
0.0322559
1.4726
1.71804
0.0628521
-0.0997519
-0.0152981
-1.56012
1.54325
-0.176452
0.128814
0.0322559
1.4726
1.71804
0.0628521
-0.0997519
-0.0152981
-1.56012
1.54325
-0.176452
0.12728
0.0322559
1.4726
1.71804
0.0628521
-0.0997519
-0.0152981
-1.56012
1.54325
-0.176452
0.128814
0.0322559
1.4726
1.71804
0.0628521
-0.0997519
-0.0152981
-1.56012
1.54325
-0.176452
0.12728
0.0322559
1.47106
1.71804
0.0628521
-0.0997519
-0.0152981
-1.56012
1.54325
-0.174918
0.12728
0.0322559
1.47106
1.71804
0.0628521
-0.0997519
-0.0152981
-1.56012
1.54325
-0.176452
0.12728
0.0322559
1.47106