1.70883
0.122678
-0.0521979
-0.0183661
-1.85158
1.61381
-0.067538
1.68736
0.0368581
-1.5233
1.70883
0.122678
-0.0521979
-0.0183661
-1.85158
1.60614
-0.067538
1.68736
0.0368581
-1.5233
1.70883
0.122678
-0.0521979
-0.0183661
-1.85158
1.59847
-0.067538
1.68736
0.0383921
-1.5233
1.70883
0.122678
-0.0521979
-0.0183661
-1.85158
1.5908
-0.067538
1.68736
0.0383921
-1.5233
1.70883
0.122678
-0.0521979
-0.0183661
-1.85158
1.5816
-0.067538
1.68736
0.0383921
-1.5233
1.70883
0.122678
-0.0521979
-0.0183661
-1.85158
1.57239
-0.067538
1.68736
0.0383921
-1.5233
1.70883
0.122678
-0.0521979
-0.0183661
-1.85158
1.56012
-0.067538
1.68736
0.0383921
-1.5233
1.70883
0.122678
-0.0521979
-0.0183661
-1.85158
1.54325
-0.067538
1.68736
0.0383921
-1.5233
1.70883
0.122678
-0.0506639
-0.0183661
-1.85158
1.52791
-0.069072
1.68582
0.0368581
-1.5233
1.70883
0.122678
-0.0521979
-0.0183661
-1.85158
1.51563
-0.070606
1.68429
0.0368581
-1.5233
1.70883
0.122678
-0.0521979
-0.0183661
-1.85158
1.49876
-0.07214
1.68429
0.0337899
-1.5233
1.70883
0.122678
-0.0521979
-0.0183661
-1.85158
1.48649
-0.073674
1.68276
0.0307219
-1.5233
1.70883
0.122678
-0.0521979
-0.0183661
-1.85158
1.47575
-0.0752079
1.68276
0.0322559
-1.52177
1.70883
0.122678
-0.0521979
-0.0183661
-1.85158
1.46655
-0.0767419
1.68122
0.0337899
-1.5233
1.70883
0.122678
-0.0521979
-0.0183661
-1.85158
1.45427
-0.0782759
1.68122
0.0337899
-1.52177
1.70883
0.124212
-0.0521979
-0.0183661
-1.85158
1.4374
-0.0767419
1.67969
0.0337899
-1.5233
1.70883
0.124212
-0.0521979
-0.0183661
-1.85158
1.41592
-0.0798099
1.67815
0.0322559
-1.5233
1.70883
0.122678
-0.0521979
-0.0183661
-1.85158
1.39445
-0.0798099
1.67815
0.024586
-1.5233
1.70883
0.122678
-0.0506639
-0.0183661
-1.85158
1.37604
-0.0798099
1.67662
0.01845
-1.5233
1.70883
0.122678
-0.0521979
-0.0183661
-1.85158
1.35456
-0.0798099
1.67662
0.0138481
-1.5233
1.70883
0.122678
-0.0521979
-0.0183661
-1.85158
1.33922
-0.0798099
1.67509
0.0138481
-1.5233
1.70883
0.122678
-0.0521979
-0.0183661
-1.85158
1.31928
-0.0813439
1.67355
0.0138481
-1.5233
1.70883
0.122678
-0.0521979
-0.0183661
-1.85158
1.30394
-0.0813439
1.67202
0.0123138
-1.5233
1.70883
0.122678
-0.0521979
-0.0183661
-1.85158
1.2886
-0.0813439
1.67048
0.0138481
-1.5233
1.70883
0.124212
-0.0521979
-0.0183661
-1.85158
1.27633
-0.0828779
1.67048
0.0138481
-1.5233
1.70883
0.124212
-0.0521979
-0.0183661
-1.85158
1.25946
-0.0828779
1.66895
0.0153821
-1.5233
1.7073
0.124212
-0.0521979
-0.0183661
-1.85158
1.24258
-0.0813439
1.66895
0.0153821
-1.52177
1.70883
0.124212
-0.0521979
-0.0183661
-1.85158
1.21497
-0.0813439
1.66742
0.0123138
-1.52177
1.70883
0.124212
-0.0506639
-0.0183661
-1.85158
1.19043
-0.0798099
1.66742
0.00924587
-1.5233
1.70883
0.122678
-0.0521979
-0.0183661
-1.85158
1.16435
-0.0767419
1.66588
0.00771189
-1.5233
1.70883
0.124212
-0.0521979
-0.0183661
-1.85158
1.1398
-0.073674
1.66588
0.0061779
-1.52177
1.70883
0.122678
-0.0521979
-0.0183661
-1.85158
1.1214
-0.073674
1.66588
0.0061779
-1.5233
1.70883
0.122678
-0.0521979
-0.0199001
-1.85158
1.10606
-0.073674
1.66588
0.0061779
-1.52177
1.70883
0.124212
-0.0521979
-0.0183661
-1.85158
1.08765
-0.073674
1.66435
0.0061779
-1.52177
1.70883
0.122678
-0.0521979
-0.0183661
-1.85158
1.07077
-0.0752079
1.66435
0.0061779
-1.52177
1.70883
0.124212
-0.0521979
-0.0183661
-1.85158
1.05543
-0.0752079
1.66435
0.0061779
-1.52177
1.70883
0.124212
-0.0521979
-0.0183661
-1.85158
1.03856
-0.0767419
1.66281
0.0061779
-1.5233
1.70883
0.124212
-0.0521979
-0.0183661
-1.85158
1.01708
-0.0752079
1.66281
0.0061779
-1.52177
1.70883
0.124212
-0.0506639
-0.0183661
-1.85158
0.994074
-0.073674
1.66128
0.00464392
-1.52177
1.70883
0.124212
-0.0521979
-0.0183661
-1.85158
0.974132
-0.07214
1.66128
0.00464392
-1.52177
1.70883
0.122678
-0.0521979
-0.0183661
-1.85158
0.952656
-0.070606
1.65975
0.00464392
-1.52177
1.70883
0.124212
-0.0521979
-0.0183661
-1.85158
0.937316
-0.070606
1.65975
0.00464392
-1.52177
1.70883
0.124212
-0.0521979
-0.0183661
-1.85158
0.921976
-0.069072
1.65821
0.00464392
-1.52177
1.70883
0.122678
-0.0521979
-0.0183661
-1.85158
0.90817
-0.070606
1.65668
0.00464392
-1.52177
1.70883
0.124212
-0.0521979
-0.0183661
-1.85158
0.895898
-0.070606
1.65361
0.00464392
-1.52177
1.70883
0.124212
-0.0521979
-0.0183661
-1.85158
0.883626
-0.070606
1.64901
0.00464392
-1.52177
1.70883
0.124212
-0.0521979
-0.0183661
-1.85158
0.868286
-0.070606
1.64594
0.00464392
-1.52177
1.70883
0.124212
-0.0521979
-0.0183661
-1.85158
0.84681
-0.069072
1.64441
0.00464392
-1.52177
1.70883
0.124212
-0.0521979
-0.0183661
-1.85158
0.83147
-0.067538
1.64287
0.00464392
-1.52177
1.70883
0.124212
-0.0506639
-0.0183661
-1.85158
0.813062
-0.0644701
1.64287
0.00464392
-1.52177
1.70883
0.124212
-0.0506639
-0.0183661
-1.85158
0.797722
-0.0629361
1.64287
0.00464392
-1.52177
1.70883
0.124212
-0.0521979
-0.0183661
-1.85158
0.786984
-0.0629361
1.64287
0.00464392
-1.52177
1.70883
0.124212
-0.0521979
-0.0183661
-1.85158
0.774712
-0.0644701
1.64287
0.00464392
-1.52177
1.70883
0.124212
-0.0521979
-0.0183661
-1.85158
0.76244
-0.0644701
1.64134
0.00464392
-1.52177
1.70883
0.122678
-0.0521979
-0.0183661
-1.85158
0.756304
-0.066004
1.64134
0.0123138
-1.52177
1.70883
0.124212
-0.0506639
-0.0183661
-1.85158
0.748634
-0.066004
1.64134
0.023052
-1.52177
1.70883
0.124212
-0.0521979
-0.0183661
-1.85158
0.73943
-0.066004
1.64134
0.0322559
-1.52177
1.70883
0.124212
-0.0521979
-0.0183661
-1.85158
0.730226
-0.066004
1.64134
0.0399261
-1.52177
1.70883
0.124212
-0.0521979
-0.0183661
-1.85158
0.719488
-0.066004
1.6398
0.042994
-1.52177
1.70883
0.124212
-0.0521979
-0.0183661
-1.85158
0.710284
-0.0644701
1.64134
0.042994
-1.52177
1.70883
0.122678
-0.0521979
-0.0183661
-1.85158
0.70108
-0.0644701
1.6398
0.042994
-1.52177
1.70883
0.124212
-0.0521979
-0.0183661
-1.85158
0.691876
-0.0644701
1.6398
0.044528
-1.52177
1.70883
0.124212
-0.0521979
-0.0183661
-1.85158
0.682672
-0.0644701
1.64134
0.042994
-1.52177
1.70883
0.124212
-0.0521979
-0.0183661
-1.85158
0.675002
-0.0629361
1.6398
0.042994
-1.52177
1.70883
0.124212
-0.0521979
-0.0183661
-1.85158
0.667332
-0.0614018
1.6398
0.042994
-1.52177
1.70883
0.124212
-0.0521979
-0.0183661
-1.85158
0.658128
-0.0583339
1.6398
0.042994
-1.52177
1.70883
0.124212
-0.0521979
-0.0183661
-1.85158
0.650458
-0.0552659
1.6398
0.042994
-1.52177
1.70883
0.124212
-0.0521979
-0.0183661
-1.85158
0.644322
-0.0537319
1.63827
0.042994
-1.52177
1.70883
0.124212
-0.0521979
-0.0183661
-1.85158
0.636652
-0.0521979
1.63827
0.042994
-1.52177
1.70883
0.122678
-0.0521979
-0.0183661
-1.85158
0.630516
-0.0521979
1.63827
0.042994
-1.52177
1.70883
0.124212
-0.0521979
-0.0183661
-1.85158
0.62438
-0.0506639
1.63674
0.042994
-1.52177
1.70883
0.124212
-0.0521979
-0.0183661
-1.85158
0.618244
-0.0506639
1.63674
0.042994
-1.52177
1.70883
0.124212
-0.0521979
-0.0183661
-1.85158
0.612108
-0.04913
1.63674
0.042994
-1.52177
1.70883
0.124212
-0.0521979
-0.0183661
-1.85158
0.604438
-0.047596
1.6352
0.042994
-1.52177
1.70883
0.124212
-0.0521979
-0.0183661
-1.85158
0.596768
-0.046062
1.6352
0.042994
-1.52177
1.70883
0.124212
-0.0506639
-0.0183661
-1.85158
0.590632
-0.042994
1.6352
0.042994
-1.52177
1.70883
0.124212
-0.0521979
-0.0183661
-1.85158
0.582962
-0.04146
1.6352
0.042994
-1.52177
1.70883
0.124212
-0.0521979
-0.0183661
-1.85158
0.575292
-0.0399261
1.63367
0.042994
-1.52177
1.70883
0.124212
-0.0521979
-0.0183661
-1.85158
0.567622
-0.0399261
1.63367
0.042994
-1.52177
1.70883
0.124212
-0.0521979
-0.0183661
-1.85158
0.559952
-0.0383921
1.63213
0.042994
-1.52177
1.70883
0.124212
-0.0521979
-0.0183661
-1.85158
0.552282
-0.0368581
1.63213
0.042994
-1.52177
1.70883
0.124212
-0.0521979
-0.0183661
-1.85158
0.543078
-0.0353239
1.6306
0.044528
-1.52177
1.70883
0.124212
-0.0521979
-0.0183661
-1.85158
0.535408
-0.0353239
1.6306
0.042994
-1.52177
1.70883
0.124212
-0.0506639
-0.0183661
-1.85158
0.527738
-0.0337899
1.6306
0.042994
-1.52177
1.70883
0.124212
-0.0521979
-0.0183661
-1.85158
0.520068
-0.0337899
1.62907
0.042994
-1.52177
1.70883
0.124212
-0.0521979
-0.0183661
-1.85158
0.512398
-0.0337899
1.62907
0.042994
-1.52177
1.70883
0.124212
-0.0521979
-0.0183661
-1.85158
0.504728
-0.0337899
1.62753
0.042994
-1.52177
1.70883
0.124212
-0.0521979
-0.0183661
-1.85158
0.497058
-0.0337899
1.62753
0.042994
-1.52177
1.70883
0.124212
-0.0521979
-0.0183661
-1.85158
0.489388
-0.0337899
1.626
0.042994
-1.52177
1.70883
0.124212
-0.0521979
-0.0183661
-1.85158
0.480184
-0.0322559
1.626
0.042994
-1.52177
1.70883
0.124212
-0.0521979
-0.0183661
-1.85158
0.469446
-0.0307219
1.626
0.042994
-1.52177
1.70883
0.124212
-0.0521979
-0.0183661
-1.85158
0.454106
-0.0276539
1.62446
0.0368581
-1.52177
1.70883
0.124212
-0.0521979
-0.0183661
-1.85158
0.43263
-0.0261199
1.62446
0.0138481
-1.52024
1.70883
0.124212
-0.0521979
-0.0183661
-1.85158
0.418824
-0.024586
1.62446
0.00924587
-1.5187
1.70883
0.124212
-0.0521979
-0.0183661
-1.85158
0.405018
-0.024586
1.62446
0.00924587
-1.51563
1.70883
0.124212
-0.0521979
-0.0183661
-1.85158
0.395814
-0.0261199
1.62446
0.00924587
-1.51563
1.70883
0.122678
-0.0521979
-0.0183661
-1.85158
0.38661
-0.0261199
1.62293
0.00924587
-1.5141
1.70883
0.124212
-0.0521979
-0.0183661
-1.85158
0.375872
-0.0261199
1.62293
0.00924587
-1.5141
1.70883
0.124212
-0.0521979
-0.0183661
-1.85158
0.3636
-0.0261199
1.6214
0.00924587
-1.51257
1.70883
0.124212
-0.0521979
-0.0183661
-1.85158
0.35593
-0.0261199
1.6214
0.00924587
-1.51257
1.70883
0.124212
-0.0521979
-0.0183661
-1.85158
0.34826
-0.0261199
1.6214
0.00924587
-1.51103
1.70883
0.124212
-0.0521979
-0.0183661
-1.85158
0.339056
-0.0261199
1.61986
0.00924587
-1.51103
1.70883
0.124212
-0.0521979
-0.0183661
-1.85158
0.33292
-0.0261199
1.61986
0.00924587
-1.50796
1.70883
0.124212
-0.0521979
-0.0183661
-1.85158
0.32525
-0.0261199
1.61986
0.00924587
-1.50643
1.70883
0.124212
-0.0506639
-0.0183661
-1.85158
0.319114
-0.0261199
1.61833
0.00924587
-1.5049
1.70883
0.122678
-0.0521979
-0.0183661
-1.85158
0.312978
-0.024586
1.61833
0.00924587
-1.50029
1.70883
0.124212
-0.0521979
-0.0183661
-1.85158
0.306842
-0.0261199
1.61833
0.00924587
-1.49569
1.70883
0.124212
-0.0521979
-0.0183661
-1.85158
0.300706
-0.024586
1.61833
0.00924587
-1.48802
1.70883
0.124212
-0.0521979
-0.0183661
-1.85158
0.296104
-0.0261199
1.61833
0.00924587
-1.48035
1.70883
0.124212
-0.0521979
-0.0183661
-1.85158
0.289968
-0.0261199
1.61833
0.00924587
-1.46808
1.70883
0.124212
-0.0521979
-0.0183661
-1.85158
0.285366
-0.024586
1.61833
0.00924587
-1.44967
1.70883
0.124212
-0.0521979
-0.0183661
-1.85158
0.280764
-0.024586
1.61679
0.00924587
-1.42973
1.70883
0.124212
-0.0521979
-0.0183661
-1.85158
0.276162
-0.024586
1.61679
0.00924587
-1.40825
1.70883
0.124212
-0.0521979
-0.0183661
-1.85158
0.273094
-0.024586
1.61679
0.00924587
-1.38831
1.70883
0.124212
-0.0521979
-0.0183661
-1.85158
0.270026
-0.024586
1.61679
0.00924587
-1.3653
1.70883
0.124212
-0.0521979
-0.0183661
-1.85158
0.266958
-0.024586
1.61679
0.00924587
-1.34536
1.70883
0.124212
-0.0521979
-0.0183661
-1.85158
0.265424
-0.024586
1.61679
0.00924587
-1.32695
1.70883
0.124212
-0.0521979
-0.0183661
-1.85158
0.26389
-0.024586
1.61526
0.00924587
-1.31468
1.70883
0.122678
-0.0521979
-0.0183661
-1.85158
0.262356
-0.023052
1.61526
0.00924587
-1.30394
1.70883
0.124212
-0.0506639
-0.0183661
-1.85158
0.260822
-0.021518
1.61526
0.00924587
-1.29781
1.70883
0.124212
-0.0506639
-0.0183661
-1.85158
0.260822
-0.019984
1.61526
0.00924587
-1.29474
1.70883
0.122678
-0.0521979
-0.0183661
-1.85158
0.260822
-0.01845
1.61526
0.00924587
-1.29474
1.70883
0.122678
-0.0521979
-0.0183661
-1.85158
0.260822
-0.0153821
1.61526
0.00924587
-1.29474
1.70883
0.122678
-0.0521979
-0.0183661
-1.85158
0.262356
-0.0123138
1.61526
0.00924587
-1.29474
1.70883
0.124212
-0.0521979
-0.0183661
-1.85158
0.262356
-0.0107799
1.61526
0.00924587
-1.29474
1.70883
0.122678
-0.0521979
-0.0183661
-1.85158
0.262356
-0.00924587
1.61526
0.00924587
-1.29474
1.70883
0.124212
-0.0521979
-0.0183661
-1.85158
0.262356
-0.00771189
1.61526
0.00924587
-1.29474
1.70883
0.122678
-0.0521979
-0.0183661
-1.85158
0.262356
-0.00771189
1.61526
0.00924587
-1.29474
1.70883
0.124212
-0.0521979
-0.0183661
-1.85158
0.262356
-0.00771189
1.61373
0.00924587
-1.29474
1.70883
0.124212
-0.0521979
-0.0183661
-1.85158
0.262356
-0.00771189
1.61373
0.00924587
-1.29474
1.70883
0.124212
-0.0521979
-0.0183661
-1.85158
0.262356
-0.0061779
1.61373
0.00924587
-1.29474
1.70883
0.122678
-0.0506639
-0.0183661
-1.85158
0.262356
-0.0061779
1.61373
0.00924587
-1.29474
1.70883
0.124212
-0.0521979
-0.0183661
-1.85158
0.262356
-0.00771189
1.61373
0.00924587
-1.29474
1.70883
0.124212
-0.0521979
-0.0183661
-1.85158
0.262356
-0.00771189
1.61219
0.00924587
-1.29474
1.70883
0.124212
-0.0521979
-0.0183661
-1.85158
0.262356
-0.00771189
1.61219
0.00924587
-1.29474
1.70883
0.122678
-0.0506639
-0.0183661
-1.85158
0.262356
-0.00924587
1.61219
0.00924587
-1.29474
1.70883
0.124212
-0.0521979
-0.0183661
-1.85158
0.262356
-0.00771189
1.61219
0.00924587
-1.29474
1.70883
0.122678
-0.0521979
-0.0183661
-1.85158
0.26389
-0.00924587
1.61219
0.00924587
-1.29474
1.70883
0.122678
-0.0521979
-0.0183661
-1.85158
0.265424
-0.00924587
1.61066
0.00924587
-1.29474
1.70883
0.122678
-0.0521979
-0.0183661
-1.85158
0.268492
-0.00771189
1.61066
0.00924587
-1.29474
1.70883
0.122678
-0.0521979
-0.0183661
-1.85158
0.27156
-0.00771189
1.61066
0.00924587
-1.29474
1.70883
0.122678
-0.0521979
-0.0183661
-1.85158
0.274628
-0.00771189
1.61066
0.00924587
-1.29474
1.70883
0.122678
-0.0521979
-0.0183661
-1.85158
0.277696
-0.00771189
1.61066
0.00924587
-1.29474
1.70883
0.122678
-0.0521979
-0.0183661
-1.85158
0.27923
-0.00771189
1.61066
0.00924587
-1.29474
1.70883
0.122678
-0.0521979
-0.0183661
-1.85158
0.282298
-0.0061779
1.61066
0.00924587
-1.29474
1.70883
0.122678
-0.0521979
-0.0183661
-1.85158
0.285366
-0.00771189
1.60912
0.00924587
-1.29474
1.70883
0.122678
-0.0521979
-0.0183661
-1.85158
0.288434
-0.00771189
1.60912
0.00924587
-1.29474
1.70883
0.122678
-0.0521979
-0.0183661
-1.85158
0.293036
-0.00924587
1.60912
0.00924587
-1.29474
1.70883
0.124212
-0.0521979
-0.0183661
-1.85158
0.296104
-0.0107799
1.60912
0.00924587
-1.29474
1.70883
0.122678
-0.0521979
-0.0183661
-1.85158
0.300706
-0.0138481
1.60912
0.00924587
-1.29474
1.70883
0.122678
-0.0521979
-0.0183661
-1.85158
0.303774
-0.01845
1.60912
0.00924587
-1.29474
1.70883
0.122678
-0.0521979
-0.0183661
-1.85158
0.306842
-0.021518
1.60759
0.00924587
-1.29474
1.70883
0.122678
-0.0506639
-0.0183661
-1.85158
0.311444
-0.023052
1.60759
0.00924587
-1.29474
1.70883
0.122678
-0.0521979
-0.0183661
-1.85158
0.316046
-0.024586
1.60606
0.00924587
-1.29474
1.70883
0.122678
-0.0521979
-0.0183661
-1.85158
0.320648
-0.023052
1.60606
0.00924587
-1.29474
1.70883
0.122678
-0.0521979
-0.0183661
-1.85158
0.326784
-0.024586
1.60606
0.00924587
-1.29474
1.70883
0.122678
-0.0521979
-0.0183661
-1.85158
0.331386
-0.024586
1.60452
0.00924587
-1.29474
1.70883
0.122678
-0.0521979
-0.0183661
-1.85158
0.337522
-0.023052
1.60452
0.00924587
-1.29474
1.70883
0.122678
-0.0521979
-0.0183661
-1.85158
0.342124
-0.024586
1.60452
0.00924587
-1.29474
1.70883
0.122678
-0.0521979
-0.0183661
-1.85158
0.349794
-0.024586
1.60452
0.00924587
-1.29474
1.70883
0.122678
-0.0521979
-0.0183661
-1.85158
0.35593
-0.0261199
1.60452
0.00924587
-1.29474
1.70883
0.122678
-0.0521979
-0.0183661
-1.85158
0.3636
-0.0276539
1.60452
0.00924587
-1.29474
1.70883
0.122678
-0.0506639
-0.0183661
-1.85158
0.369736
-0.0276539
1.60452
0.00924587
-1.29474
1.70883
0.122678
-0.0521979
-0.0183661
-1.85158
0.377406
-0.0276539
1.60452
0.00924587
-1.29474
1.70883
0.122678
-0.0521979
-0.0183661
-1.85158
0.385076
-0.0261199
1.60452
0.00924587
-1.29474
1.70883
0.122678
-0.0521979
-0.0183661
-1.85158
0.392746
-0.0276539
1.60452
0.00924587
-1.29474
1.70883
0.122678
-0.0521979
-0.0183661
-1.85158
0.400416
-0.0307219
1.60452
0.00924587
-1.29474
1.70883
0.122678
-0.0506639
-0.0183661
-1.85158
0.40962
-0.0337899
1.60452
0.00924587
-1.29474
1.70883
0.122678
-0.0521979
-0.0183661
-1.85158
0.418824
-0.0383921
1.60452
0.00924587
-1.29474
1.70883
0.122678
-0.0506639
-0.0183661
-1.85158
0.429562
-0.04146
1.60452
0.00924587
-1.29474
1.70883
0.122678
-0.0506639
-0.0183661
-1.85158
0.438766
-0.044528
1.60452
0.00924587
-1.29474
1.70883
0.122678
-0.0521979
-0.0183661
-1.85158
0.44797
-0.046062
1.60299
0.00924587
-1.29474
1.70883
0.122678
-0.0521979
-0.0183661
-1.85158
0.457174
-0.046062
1.60299
0.00924587
-1.29474
1.70883
0.122678
-0.0521979
-0.0183661
-1.85158
0.466378
-0.047596
1.60299
0.00924587
-1.29474
1.70883
0.122678
-0.0521979
-0.0183661
-1.85158
0.477116
-0.046062
1.60299
0.00771189
-1.29474
1.70883
0.122678
-0.0521979
-0.0183661
-1.85158
0.48632
-0.047596
1.60299
0.00924587
-1.29474
1.70883
0.122678
-0.0521979
-0.0183661
-1.85158
0.497058
-0.047596
1.60299
0.00924587
-1.29474
1.70883
0.122678
-0.0506639
-0.0183661
-1.85158
0.507796
-0.047596
1.60299
0.00924587
-1.29474
1.70883
0.122678
-0.0506639
-0.0183661
-1.85158
0.518534
-0.04913
1.60299
0.00924587
-1.29474
1.70883
0.122678
-0.0521979
-0.0183661
-1.85158
0.529272
-0.0506639
1.60299
0.00924587
-1.29474
1.70883
0.122678
-0.0521979
-0.0183661
-1.85158
0.54001
-0.0521979
1.60299
0.00924587
-1.29474
1.70883
0.122678
-0.0521979
-0.0183661
-1.85158
0.549214
-0.0537319
1.60299
0.00924587
-1.29474
1.70883
0.122678
-0.0521979
-0.0183661
-1.85158
0.558418
-0.0552659
1.60299
0.00924587
-1.29474
1.70883
0.122678
-0.0521979
-0.0183661
-1.85158
0.567622
-0.0552659
1.60299
0.00924587
-1.29474
1.70883
0.122678
-0.0521979
-0.0183661
-1.85158
0.57836
-0.0567999
1.60299
0.00924587
-1.29474
1.70883
0.122678
-0.0521979
-0.0183661
-1.85158
0.590632
-0.0583339
1.60299
0.00924587
-1.29474
1.70883
0.122678
-0.0521979
-0.0183661
-1.85158
0.604438
-0.0598679
1.60299
0.00924587
-1.2932
1.70883
0.122678
-0.0521979
-0.0183661
-1.85158
0.619778
-0.0629361
1.60299
0.00924587
-1.29474
1.70883
0.122678
-0.0521979
-0.0183661
-1.85158
0.635118
-0.066004
1.60299
0.00924587
-1.29627
1.70883
0.122678
-0.0521979
-0.0183661
-1.85158
0.650458
-0.067538
1.60299
0.00924587
-1.29781
1.70883
0.122678
-0.0521979
-0.0183661
-1.85158
0.665798
-0.067538
1.60299
0.00924587
-1.29934
1.70883
0.122678
-0.0521979
-0.0183661
-1.85158
0.684206
-0.070606
1.60299
0.00924587
-1.29934
1.70883
0.122678
-0.0521979
-0.0183661
-1.85158
0.702614
-0.073674
1.60299
0.00924587
-1.29934
1.70883
0.122678
-0.0521979
-0.0183661
-1.85158
0.72409
-0.0767419
1.60299
0.00924587
-1.30087
1.70883
0.122678
-0.0521979
-0.0183661
-1.85158
0.742498
-0.0798099
1.60145
0.00924587
-1.30394
1.70883
0.122678
-0.0521979
-0.0183661
-1.85158
0.763974
-0.0828779
1.59992
0.00924587
-1.30701
1.70883
0.122678
-0.0506639
-0.0183661
-1.85158
0.783916
-0.0859461
1.59992
0.00924587
-1.31008
1.70883
0.122678
-0.0521979
-0.0183661
-1.85158
0.805392
-0.0890141
1.59839
0.00924587
-1.31315
1.70883
0.122678
-0.0521979
-0.0183661
-1.85158
0.825334
-0.092082
1.59839
0.00924587
-1.31928
1.70883
0.122678
-0.0521979
-0.0183661
-1.85158
0.845276
-0.092082
1.59685
0.00924587
-1.32235
1.70883
0.122678
-0.0521979
-0.0183661
-1.85158
0.866752
-0.092082
1.59685
0.00924587
-1.32388
1.70883
0.122678
-0.0506639
-0.0183661
-1.85158
0.886694
-0.090548
1.59685
0.00924587
-1.32542
1.70883
0.122678
-0.0521979
-0.0183661
-1.85158
0.906636
-0.090548
1.59532
0.00924587
-1.32542
1.70883
0.122678
-0.0521979
-0.0183661
-1.85158
0.925044
-0.090548
1.59532
0.00924587
-1.32695
1.70883
0.122678
-0.0521979
-0.0183661
-1.85158
0.940384
-0.092082
1.59532
0.00924587
-1.33002
1.70883
0.122678
-0.0521979
-0.0183661
-1.85158
0.95419
-0.092082
1.59532
0.00924587
-1.33155
1.70883
0.122678
-0.0521979
-0.0183661
-1.85158
0.966462
-0.092082
1.59378
0.00924587
-1.33155
1.70883
0.122678
-0.0521979
-0.0183661
-1.85158
0.981802
-0.093616
1.59378
0.00924587
-1.33155
1.70883
0.122678
-0.0521979
-0.0183661
-1.85158
1.00021
-0.098218
1.59378
0.00924587
-1.33309
1.70883
0.122678
-0.0521979
-0.0183661
-1.85158
1.01708
-0.101286
1.59225
0.00924587
-1.33769
1.70883
0.122678
-0.0521979
-0.0183661
-1.85158
1.03242
-0.104354
1.59225
0.00924587
-1.34229
1.70883
0.122678
-0.0521979
-0.0183661
-1.85158
1.04623
-0.107422
1.59072
0.00924587
-1.34843
1.70883
0.122678
-0.0521979
-0.0183661
-1.85158
1.05697
-0.108956
1.59072
0.00924587
-1.34843
1.70883
0.122678
-0.0521979
-0.0183661
-1.85158
1.06924
-0.108956
1.58918
0.00924587
-1.34843
1.70883
0.122678
-0.0521979
-0.0183661
-1.85158
1.08151
-0.108956
1.58918
0.00924587
-1.34996
1.70883
0.122678
-0.0521979
-0.0183661
-1.85158
1.09839
-0.108956
1.58918
0.00924587
-1.34996
1.70883
0.122678
-0.0521979
-0.0183661
-1.85158
1.11373
-0.11049
1.58765
0.00924587
-1.34996
1.70883
0.122678
-0.0521979
-0.0183661
-1.85158
1.12753
-0.112024
1.58765
0.00924587
-1.34996
1.70883
0.122678
-0.0521979
-0.0183661
-1.85158
1.14287
-0.112024
1.58458
0.00924587
-1.34996
1.70883
0.122678
-0.0521979
-0.0183661
-1.85158
1.15668
-0.112024
1.58458
0.00924587
-1.34996
1.70883
0.122678
-0.0521979
-0.0183661
-1.85158
1.17048
-0.11049
1.58458
0.00924587
-1.34996
1.70883
0.122678
-0.0521979
-0.0183661
-1.85158
1.18122
-0.11049
1.58305
0.00924587
-1.34996
1.70883
0.122678
-0.0521979
-0.0183661
-1.85158
1.19043
-0.107422
1.58151
0.00924587
-1.34996
1.70883
0.122678
-0.0521979
-0.0183661
-1.85158
1.2027
-0.105888
1.58151
0.00924587
-1.34996
1.70883
0.122678
-0.0521979
-0.0183661
-1.85158
1.21344
-0.107422
1.58151
0.00924587
-1.34996
1.70883
0.122678
-0.0521979
-0.0183661
-1.85158
1.22417
-0.107422
1.57998
0.00924587
-1.34996
1.70883
0.122678
-0.0521979
-0.0183661
-1.85158
1.23338
-0.107422
1.57998
0.00924587
-1.34996
1.70883
0.122678
-0.0521979
-0.0183661
-1.85158
1.24565
-0.108956
1.57998
0.00924587
-1.34996
1.70883
0.122678
-0.0521979
-0.0183661
-1.85158
1.25485
-0.108956
1.57998
0.00924587
-1.34996
1.70883
0.122678
-0.0521979
-0.0183661
-1.85158
1.26559
-0.108956
1.57998
0.00771189
-1.34996
1.70883
0.122678
-0.0521979
-0.0183661
-1.85158
1.2748
-0.108956
1.57998
0.00924587
-1.34996
1.70883
0.122678
-0.0521979
-0.0183661
-1.85158
1.284
-0.108956
1.57844
0.00924587
-1.34996
1.70883
0.122678
-0.0521979
-0.0183661
-1.85158
1.29474
-0.108956
1.57844
0.00924587
-1.34996
1.70883
0.122678
-0.0506639
-0.0183661
-1.85158
1.30548
-0.108956
1.57844
0.00771189
-1.34996
1.70883
0.122678
-0.0521979
-0.0183661
-1.85158
1.31468
-0.107422
1.57691
0.00924587
-1.34996
1.70883
0.122678
-0.0506639
-0.0183661
-1.85158
1.32388
-0.107422
1.57691
0.00771189
-1.34996
1.70883
0.122678
-0.0506639
-0.0183661
-1.85158
1.33462
-0.107422
1.57691
0.00924587
-1.34996
1.70883
0.122678
-0.0521979
-0.0183661
-1.85158
1.34536
-0.108956
1.57691
0.00924587
-1.34996
1.70883
0.122678
-0.0521979
-0.0183661
-1.85158
1.3561
-0.108956
1.57691
0.00924587
-1.34996
1.70883
0.122678
-0.0521979
-0.0183661
-1.85158
1.3653
-0.108956
1.57691
0.00771189
-1.34996
1.70883
0.122678
-0.0506639
-0.0183661
-1.85158
1.37297
-0.108956
1.57691
0.00924587
-1.34996
1.70883
0.122678
-0.0521979
-0.0183661
-1.85158
1.38064
-0.108956
1.57691
0.00924587
-1.34996
1.70883
0.122678
-0.0506639
-0.0183661
-1.85158
1.38831
-0.107422
1.57691
0.00924587
-1.34996
1.70883
0.122678
-0.0506639
-0.0183661
-1.85158
1.39752
-0.107422
1.57538
0.00924587
-1.34996
1.70883
0.122678
-0.0521979
-0.0183661
-1.85158
1.40519
-0.105888
1.57538
0.00771189
-1.34996
1.70883
0.122678
-0.0521979
-0.0183661
-1.85158
1.41132
-0.105888
1.57538
0.00771189
-1.34996
1.70883
0.122678
-0.0506639
-0.0183661
-1.85158
1.41899
-0.105888
1.57538
0.00771189
-1.34996
1.70883
0.122678
-0.0506639
-0.0183661
-1.85158
1.42666
-0.105888
1.57538
0.00771189
-1.34996
1.70883
0.122678
-0.0521979
-0.0183661
-1.85158
1.4328
-0.105888
1.57384
0.00771189
-1.34996
1.70883
0.122678
-0.0521979
-0.0183661
-1.85158
1.44047
-0.107422
1.57538
0.00924587
-1.34996
1.70883
0.122678
-0.0521979
-0.0183661
-1.85158
1.4466
-0.107422
1.57384
0.00924587
-1.34996
1.70883
0.122678
-0.0521979
-0.0183661
-1.85158
1.45274
-0.108956
1.57538
0.00771189
-1.34996
1.70883
0.122678
-0.0506639
-0.0183661
-1.85158
1.46041
-0.11049
1.57384
0.00924587
-1.34996
1.70883
0.122678
-0.0521979
-0.0183661
-1.85158
1.46655
-0.11049
1.57384
0.00771189
-1.34996
1.70883
0.122678
-0.0521979
-0.0183661
-1.85158
1.47268
-0.11049
1.57384
0.00924587
-1.34996
1.70883
0.122678
-0.0521979
-0.0183661
-1.85158
1.48035
-0.11049
1.57384
0.00771189
-1.34996
1.70883
0.122678
-0.0521979
-0.0183661
-1.85158
1.48649
-0.11049
1.57384
0.00924587
-1.34996
1.70883
0.122678
-0.0521979
-0.0183661
-1.85158
1.49416
-0.11049
1.57231
0.00771189
-1.34996
1.70883
0.122678
-0.0521979
-0.0183661
-1.85158
1.50336
-0.11049
1.57231
0.00924587
-1.34996
1.70883
0.122678
-0.0521979
-0.0183661
-1.85158
1.5095
-0.11049
1.57077
0.00771189
-1.34996
1.70883
0.122678
-0.0521979
-0.0183661
-1.85158
1.5187
-0.11049
1.57077
0.00771189
-1.34996
1.70883
0.122678
-0.0521979
-0.0183661
-1.85158
1.52637
-0.11049
1.57077
0.00924587
-1.34996
1.70883
0.122678
-0.0521979
-0.0183661
-1.85158
1.53404
-0.108956
1.57077
0.00771189
-1.34996
1.70883
0.122678
-0.0521979
-0.0183661
-1.85158
1.54018
-0.11049
1.57077
0.00771189
-1.34996
1.70883
0.122678
-0.0521979
-0.0183661
-1.85158
1.54785
-0.108956
1.57077
0.00771189
-1.34996
1.70883
0.122678
-0.0521979
-0.0183661
-1.85158
1.55398
-0.11049
1.57077
0.00924587
-1.34996
1.70883
0.122678
-0.0521979
-0.0183661
-1.85158
1.56012
-0.11049
1.57077
0.00924587
-1.34996
1.70883
0.122678
-0.0521979
-0.0183661
-1.85158
1.56779
-0.11049
1.57077
0.00924587
-1.34996
1.70883
0.122678
-0.0521979
-0.0183661
-1.85158
1.57393
-0.11049
1.57077
0.00924587
-1.34996
1.70883
0.122678
-0.0521979
-0.0183661
-1.85158
1.58006
-0.11049
1.57077
0.00924587
-1.34843
1.70883
0.122678
-0.0506639
-0.0183661
-1.85158
1.5862
-0.11049
1.57077
0.00924587
-1.34996